1147007.000000
263352.000000
62827.000000
32275.000000
138064.000000
104345.000000
208089.000000
158950.000000
59590.000000
231778.000000
44168.000000
45493.000000
282644.000000
240166.000000
195968.000000
87104.000000
76988.000000
251276.000000
209967.000000
115702.000000
148555.000000
11046.000000
49672.000000
15436.000000
141287.000000
218942.000000
138860.000000
39666.000000
33163.000000
67737.000000
106764.000000
22253.000000
30909.000000
84335.000000
59096.000000
57804.000000
33265.000000
33422.000000
19867.000000
151679.000000
217698.000000
126932.000000
57096.000000
84050.000000
62422.000000
23842.000000
26912.000000
30152.000000
185731.000000
173928.000000
64279.000000
20517.000000
11683.000000
72156.000000
97149.000000
38563.000000
66304.000000
170921.000000
24830.000000
69204.000000
62627.000000
103316.000000
39867.000000
65544.000000
114626.000000
233447.000000
127457.000000
64726.000000
19626.000000
206963.000000
7505.000000
196911.000000
353434.000000
235507.000000
25023.000000
77777.000000
112794.000000
267185.000000
87019.000000
60147.000000
48867.000000
139204.000000
245382.000000
56494.000000
49660.000000
110461.000000
93184.000000
92299.000000
90468.000000
158972.000000
86248.000000
149010.000000
34596.000000
94354.000000
144388.000000
239712.000000
171124.000000
167816.000000
119802.000000
84822.000000
230558.000000
28769.000000
187154.000000
170095.000000
112368.000000
64038.000000
148701.000000
250984.000000
469716.000000
39577.000000
59551.000000
78053.000000
193850.000000
237237.000000
224121.000000
82719.000000
143327.000000
130293.000000
