0.000000
0.000000
0.000000
0.000000
0.000000
0.000000
0.000000
0.000000
0.000000
1850993.000000
34300.000000
57058.000000
373662.000000
218973.000000
304139.000000
123494.000000
97491.000000
472843.000000
376725.000000
163150.000000
256708.000000
8884.000000
51957.000000
14050.000000
207457.000000
403027.000000
225253.000000
26858.000000
25864.000000
59978.000000
89193.000000
12083.000000
19927.000000
104593.000000
31028.000000
128069.000000
47505.000000
29057.000000
18321.000000
278552.000000
396899.000000
169812.000000
75864.000000
121742.000000
90064.000000
36574.000000
27624.000000
51061.000000
408110.000000
367490.000000
61018.000000
24961.000000
10854.000000
88477.000000
128699.000000
44153.000000
92934.000000
371149.000000
40998.000000
101334.000000
54505.000000
104794.000000
56700.000000
100529.000000
235123.000000
338824.000000
238616.000000
57705.000000
28416.000000
187966.000000
11429.000000
373247.000000
303912.000000
417979.000000
22401.000000
77070.000000
150051.000000
357244.000000
148855.000000
73191.000000
34183.000000
155473.000000
388621.000000
32243.000000
57276.000000
189121.000000
119580.000000
62018.000000
110836.000000
267607.000000
97668.000000
105856.000000
46860.000000
242370.000000
258261.000000
413812.000000
157983.000000
156355.000000
189487.000000
135723.000000
292951.000000
28804.000000
277169.000000
245106.000000
193522.000000
93120.000000
150611.000000
331932.000000
123941.000000
50877.000000
83796.000000
74778.000000
261507.000000
323518.000000
285467.000000
65971.000000
388012.000000
188405.000000
