0.000000
0.000000
0.000000
0.000000
0.000000
0.000000
0.000000
0.000000
0.000000
0.000000
199840.000000
35048.000000
48959.000000
37092.000000
38973.000000
35042.000000
46807.000000
38618.000000
37221.000000
39412.000000
41266.000000
10246.000000
25318.000000
13015.000000
43173.000000
44053.000000
32224.000000
22205.000000
26097.000000
32947.000000
31225.000000
17857.000000
23089.000000
37547.000000
25080.000000
34461.000000
24581.000000
33943.000000
18925.000000
39570.000000
39855.000000
45110.000000
36460.000000
32176.000000
30511.000000
27082.000000
25147.000000
25378.000000
40271.000000
43760.000000
30296.000000
19092.000000
10319.000000
38689.000000
31258.000000
33465.000000
38088.000000
39041.000000
25848.000000
41879.000000
51086.000000
31962.000000
30245.000000
33657.000000
28124.000000
33226.000000
52384.000000
36845.000000
20731.000000
42442.000000
11503.000000
32159.000000
43544.000000
46947.000000
18848.000000
31686.000000
35249.000000
37877.000000
38178.000000
25219.000000
27030.000000
51328.000000
44483.000000
20701.000000
30120.000000
39213.000000
34753.000000
14558.000000
41303.000000
36750.000000
40139.000000
38776.000000
24403.000000
39656.000000
38437.000000
40353.000000
48482.000000
43863.000000
39372.000000
37930.000000
45713.000000
25656.000000
38648.000000
33255.000000
32979.000000
36192.000000
60469.000000
39034.000000
30665.000000
26398.000000
37352.000000
37892.000000
46971.000000
45573.000000
42584.000000
21520.000000
40921.000000
43752.000000
