0.000000
0.000000
0.000000
0.000000
0.000000
0.000000
0.000000
0.000000
0.000000
0.000000
0.000000
290996.000000
63248.000000
50727.000000
61631.000000
50191.000000
64268.000000
61670.000000
60273.000000
53156.000000
66584.000000
5061.000000
37068.000000
20096.000000
60838.000000
64886.000000
61936.000000
22689.000000
20862.000000
38370.000000
37174.000000
12878.000000
10883.000000
33752.000000
16577.000000
55372.000000
38177.000000
24751.000000
18917.000000
66905.000000
60396.000000
63465.000000
58854.000000
63540.000000
49307.000000
39793.000000
24410.000000
46682.000000
71579.000000
70780.000000
33425.000000
20478.000000
9284.000000
57936.000000
55127.000000
37629.000000
46590.000000
61803.000000
36732.000000
84701.000000
46034.000000
63946.000000
41030.000000
53640.000000
37566.000000
65595.000000
63638.000000
44193.000000
28260.000000
56066.000000
10558.000000
63628.000000
79274.000000
68444.000000
20536.000000
50746.000000
59247.000000
60297.000000
57600.000000
47133.000000
25432.000000
49928.000000
66531.000000
24486.000000
46700.000000
47725.000000
53780.000000
33317.000000
54754.000000
59124.000000
74292.000000
26693.000000
32970.000000
62047.000000
61199.000000
60313.000000
43947.000000
42737.000000
49001.000000
57559.000000
76881.000000
26155.000000
60680.000000
58236.000000
55939.000000
53589.000000
62746.000000
60294.000000
38353.000000
43295.000000
46798.000000
54641.000000
52290.000000
67885.000000
58290.000000
33033.000000
62854.000000
60116.000000
