0.000000
0.000000
0.000000
0.000000
0.000000
0.000000
0.000000
0.000000
0.000000
0.000000
0.000000
0.000000
40484236.000000
289831.000000
593429.000000
117207.000000
105009.000000
1399197.000000
1366146.000000
147202.000000
293274.000000
9847.000000
54444.000000
16081.000000
220944.000000
653698.000000
270466.000000
28583.000000
35630.000000
58290.000000
150789.000000
20331.000000
35343.000000
123494.000000
39207.000000
126369.000000
38116.000000
35574.000000
23029.000000
354929.000000
832982.000000
157559.000000
77305.000000
129211.000000
87727.000000
41973.000000
27887.000000
45015.000000
1954193.000000
2595876.000000
80957.000000
29740.000000
14156.000000
109616.000000
142024.000000
51558.000000
94042.000000
432395.000000
41598.000000
111514.000000
60486.000000
120456.000000
63737.000000
74156.000000
291130.000000
472422.000000
274688.000000
67971.000000
32057.000000
298630.000000
14451.000000
3996162.000000
1017614.000000
877406.000000
27080.000000
49071.000000
196794.000000
747345.000000
172116.000000
67341.000000
39500.000000
152201.000000
913130.000000
39082.000000
62361.000000
190128.000000
113844.000000
69896.000000
95379.000000
255343.000000
159803.000000
170806.000000
49380.000000
218140.000000
301390.000000
1008694.000000
211383.000000
230964.000000
229388.000000
142374.000000
492003.000000
28606.000000
338665.000000
236891.000000
196283.000000
84990.000000
184584.000000
896054.000000
126657.000000
61181.000000
81327.000000
84179.000000
358830.000000
756980.000000
456256.000000
56200.000000
745043.000000
181741.000000
