0.000000
0.000000
0.000000
0.000000
0.000000
0.000000
0.000000
0.000000
0.000000
0.000000
0.000000
0.000000
0.000000
1394403.000000
218080.000000
392444.000000
94635.000000
376703.000000
391871.000000
430722.000000
155141.000000
9129.000000
63495.000000
19724.000000
147737.000000
282010.000000
90677.000000
33294.000000
35474.000000
72406.000000
98670.000000
26868.000000
28310.000000
120667.000000
51197.000000
93083.000000
39956.000000
32258.000000
22358.000000
115790.000000
198236.000000
127010.000000
46918.000000
95082.000000
67073.000000
29319.000000
32206.000000
42314.000000
163587.000000
154993.000000
49076.000000
18163.000000
13666.000000
71776.000000
88384.000000
43020.000000
81707.000000
231360.000000
29794.000000
87014.000000
50064.000000
109190.000000
49671.000000
74863.000000
140576.000000
183725.000000
120627.000000
51957.000000
33285.000000
143227.000000
11721.000000
124141.000000
462811.000000
236613.000000
31850.000000
90137.000000
80149.000000
303557.000000
101198.000000
42552.000000
36670.000000
114228.000000
345057.000000
47675.000000
62292.000000
114010.000000
111347.000000
67579.000000
91861.000000
168369.000000
87990.000000
235212.000000
38011.000000
118696.000000
119530.000000
200004.000000
156853.000000
211071.000000
143171.000000
95192.000000
247752.000000
28879.000000
156685.000000
126677.000000
106855.000000
59967.000000
127517.000000
354546.000000
143214.000000
59330.000000
80539.000000
74432.000000
142091.000000
214124.000000
204157.000000
69959.000000
153405.000000
136704.000000
