0.000000
0.000000
0.000000
0.000000
0.000000
0.000000
0.000000
0.000000
0.000000
0.000000
0.000000
0.000000
0.000000
0.000000
2753681.000000
131143.000000
85304.000000
570788.000000
615833.000000
149980.000000
229924.000000
9926.000000
46400.000000
15895.000000
209299.000000
417649.000000
264831.000000
33655.000000
27953.000000
68035.000000
123826.000000
18376.000000
25485.000000
96034.000000
30737.000000
124155.000000
39063.000000
30581.000000
20275.000000
339972.000000
509997.000000
146169.000000
52093.000000
127277.000000
80103.000000
31769.000000
28068.000000
41437.000000
601735.000000
542824.000000
43863.000000
21183.000000
12789.000000
103440.000000
117207.000000
49858.000000
84862.000000
443769.000000
36304.000000
97021.000000
66082.000000
84962.000000
51225.000000
84480.000000
256328.000000
387270.000000
246945.000000
53174.000000
27390.000000
218430.000000
11454.000000
559061.000000
481213.000000
551635.000000
26787.000000
52367.000000
164761.000000
375210.000000
120091.000000
56779.000000
43971.000000
153245.000000
550043.000000
23342.000000
64041.000000
180889.000000
108111.000000
50165.000000
83821.000000
272112.000000
118933.000000
147008.000000
30878.000000
251377.000000
277012.000000
472069.000000
201048.000000
200148.000000
208099.000000
116303.000000
430081.000000
33572.000000
338921.000000
234479.000000
191768.000000
89808.000000
187896.000000
502613.000000
87370.000000
46995.000000
101674.000000
73134.000000
282065.000000
506657.000000
408052.000000
58520.000000
428053.000000
186808.000000
