0.000000
0.000000
0.000000
0.000000
0.000000
0.000000
0.000000
0.000000
0.000000
0.000000
0.000000
0.000000
0.000000
0.000000
0.000000
581139.000000
60631.000000
114884.000000
152860.000000
419293.000000
94129.000000
8665.000000
45729.000000
17415.000000
123995.000000
117993.000000
110266.000000
35799.000000
39663.000000
69950.000000
93092.000000
22293.000000
30810.000000
65177.000000
37097.000000
97279.000000
36522.000000
20144.000000
18116.000000
127961.000000
98029.000000
82997.000000
46032.000000
94645.000000
73223.000000
24362.000000
23999.000000
42217.000000
114698.000000
97066.000000
46306.000000
21432.000000
13516.000000
77055.000000
78029.000000
41531.000000
83154.000000
110318.000000
30684.000000
76653.000000
55182.000000
80498.000000
32070.000000
68790.000000
105994.000000
90546.000000
119325.000000
47024.000000
22937.000000
91556.000000
11479.000000
136388.000000
123376.000000
119587.000000
30697.000000
40490.000000
85890.000000
87249.000000
99689.000000
51506.000000
36535.000000
60803.000000
118484.000000
30517.000000
57316.000000
131567.000000
90045.000000
46287.000000
82419.000000
123379.000000
76028.000000
44012.000000
39354.000000
76019.000000
109802.000000
118833.000000
96626.000000
105871.000000
115836.000000
96567.000000
119581.000000
29358.000000
119132.000000
105159.000000
116699.000000
79812.000000
75508.000000
116466.000000
70570.000000
66463.000000
74821.000000
62490.000000
95687.000000
120569.000000
105780.000000
64001.000000
108827.000000
101146.000000
