0.000000
0.000000
0.000000
0.000000
0.000000
0.000000
0.000000
0.000000
0.000000
0.000000
0.000000
0.000000
0.000000
0.000000
0.000000
0.000000
415926.000000
99676.000000
83420.000000
67598.000000
80818.000000
11571.000000
36638.000000
18465.000000
74342.000000
86343.000000
61488.000000
26013.000000
30169.000000
45308.000000
58141.000000
14780.000000
31795.000000
70064.000000
24764.000000
66228.000000
34522.000000
38080.000000
16687.000000
83590.000000
88503.000000
86724.000000
62653.000000
73413.000000
67752.000000
29925.000000
25995.000000
38031.000000
82612.000000
86994.000000
48938.000000
22553.000000
15667.000000
72148.000000
59791.000000
46998.000000
77859.000000
95928.000000
32054.000000
81339.000000
54838.000000
91424.000000
38370.000000
58071.000000
62356.000000
76755.000000
75547.000000
47193.000000
32720.000000
88066.000000
14070.000000
86384.000000
96091.000000
87017.000000
10184.000000
45630.000000
73806.000000
87990.000000
71104.000000
59239.000000
33983.000000
74195.000000
88809.000000
29806.000000
57375.000000
66041.000000
59715.000000
35135.000000
66111.000000
79872.000000
89196.000000
61597.000000
35430.000000
76140.000000
66689.000000
78665.000000
83880.000000
96631.000000
73360.000000
74253.000000
104008.000000
30823.000000
92952.000000
72451.000000
70394.000000
56477.000000
82732.000000
105897.000000
43883.000000
34618.000000
54567.000000
61899.000000
82673.000000
94596.000000
79293.000000
43596.000000
74793.000000
84509.000000
