0.000000
0.000000
0.000000
0.000000
0.000000
0.000000
0.000000
0.000000
0.000000
0.000000
0.000000
0.000000
0.000000
0.000000
0.000000
0.000000
0.000000
7165941.000000
5314363.000000
127336.000000
251596.000000
9955.000000
67574.000000
21653.000000
206514.000000
585452.000000
327342.000000
28662.000000
23146.000000
64387.000000
158154.000000
14806.000000
25521.000000
149239.000000
39905.000000
129562.000000
40582.000000
36579.000000
18003.000000
374926.000000
709922.000000
175651.000000
51273.000000
127540.000000
88435.000000
40594.000000
24745.000000
59695.000000
1153479.000000
1208123.000000
71073.000000
23029.000000
12030.000000
98781.000000
131090.000000
45702.000000
72587.000000
473669.000000
39596.000000
108140.000000
62330.000000
139995.000000
52507.000000
85897.000000
239708.000000
437773.000000
276716.000000
70730.000000
24409.000000
255096.000000
14670.000000
1116300.000000
574659.000000
818088.000000
18620.000000
47834.000000
166464.000000
562434.000000
135138.000000
60549.000000
37650.000000
154120.000000
855407.000000
35717.000000
59569.000000
171541.000000
121468.000000
62345.000000
102551.000000
265494.000000
133895.000000
201759.000000
40445.000000
229651.000000
317260.000000
825747.000000
181339.000000
202217.000000
216119.000000
128509.000000
480567.000000
31004.000000
345455.000000
215103.000000
212618.000000
100338.000000
225567.000000
943850.000000
159794.000000
46876.000000
69593.000000
77137.000000
303724.000000
657670.000000
443274.000000
38873.000000
621899.000000
192676.000000
