0.000000
0.000000
0.000000
0.000000
0.000000
0.000000
0.000000
0.000000
0.000000
0.000000
0.000000
0.000000
0.000000
0.000000
0.000000
0.000000
0.000000
0.000000
6612074.000000
147166.000000
263985.000000
12054.000000
55436.000000
20174.000000
220263.000000
552718.000000
330815.000000
24460.000000
27420.000000
67429.000000
133863.000000
17055.000000
26512.000000
126830.000000
32027.000000
137392.000000
40602.000000
33254.000000
23565.000000
329204.000000
739829.000000
172301.000000
61663.000000
122822.000000
81288.000000
39047.000000
31020.000000
61393.000000
1177326.000000
1106271.000000
68226.000000
22083.000000
10716.000000
90019.000000
125196.000000
55992.000000
87249.000000
482882.000000
37327.000000
108592.000000
61000.000000
129105.000000
50216.000000
91958.000000
250589.000000
434538.000000
281996.000000
52801.000000
26354.000000
237849.000000
15080.000000
1135674.000000
501096.000000
826313.000000
17734.000000
50331.000000
171255.000000
548382.000000
148062.000000
77259.000000
35717.000000
163922.000000
849009.000000
33430.000000
54614.000000
157799.000000
104098.000000
57251.000000
86068.000000
252698.000000
116138.000000
152353.000000
28247.000000
208967.000000
320883.000000
844303.000000
162529.000000
139797.000000
200288.000000
115766.000000
448234.000000
28839.000000
334827.000000
234451.000000
204490.000000
82505.000000
151229.000000
1012476.000000
121735.000000
47030.000000
67986.000000
75820.000000
342080.000000
675013.000000
433937.000000
60342.000000
639123.000000
181609.000000
