0.000000
2301462.000000
80161.000000
40168.000000
193898.000000
105380.000000
297976.000000
269509.000000
69247.000000
264423.000000
37911.000000
51080.000000
582766.000000
249702.000000
398638.000000
125699.000000
91423.000000
417614.000000
368502.000000
161978.000000
224657.000000
10930.000000
71546.000000
16124.000000
153390.000000
385702.000000
202397.000000
29813.000000
27456.000000
46050.000000
91050.000000
15909.000000
26406.000000
92221.000000
40298.000000
115101.000000
35438.000000
39998.000000
23596.000000
247813.000000
363657.000000
125665.000000
60046.000000
120662.000000
69509.000000
37753.000000
27827.000000
45339.000000
555529.000000
391840.000000
56739.000000
17070.000000
11472.000000
90351.000000
107013.000000
46133.000000
76837.000000
359028.000000
32924.000000
84969.000000
58491.000000
107012.000000
57730.000000
72835.000000
261721.000000
329281.000000
215142.000000
55928.000000
26311.000000
231754.000000
13414.000000
424778.000000
606862.000000
450952.000000
24285.000000
56205.000000
180247.000000
407163.000000
137145.000000
72220.000000
34762.000000
124990.000000
349356.000000
46702.000000
63693.000000
168892.000000
108614.000000
92881.000000
85824.000000
295807.000000
145297.000000
201578.000000
31485.000000
188594.000000
213061.000000
438134.000000
196658.000000
241101.000000
163734.000000
114482.000000
404603.000000
25313.000000
252768.000000
237650.000000
158885.000000
73570.000000
160902.000000
495751.000000
149634.000000
59882.000000
71717.000000
65951.000000
196018.000000
407040.000000
278234.000000
98250.000000
360160.000000
183817.000000
