0.000000
0.000000
0.000000
0.000000
0.000000
0.000000
0.000000
0.000000
0.000000
0.000000
0.000000
0.000000
0.000000
0.000000
0.000000
0.000000
0.000000
0.000000
0.000000
700229.000000
115862.000000
9027.000000
31255.000000
14857.000000
113638.000000
147774.000000
120073.000000
34469.000000
44841.000000
82192.000000
106275.000000
19770.000000
37145.000000
70888.000000
41691.000000
94210.000000
42017.000000
26829.000000
17137.000000
119898.000000
126678.000000
113293.000000
55145.000000
98953.000000
67103.000000
27351.000000
26547.000000
49965.000000
155397.000000
161129.000000
48684.000000
19644.000000
11774.000000
62227.000000
103589.000000
49464.000000
75988.000000
130424.000000
26822.000000
70516.000000
53894.000000
103904.000000
44400.000000
69246.000000
137968.000000
122250.000000
133016.000000
61769.000000
28483.000000
127196.000000
14098.000000
150710.000000
151505.000000
161201.000000
26911.000000
48817.000000
89102.000000
120034.000000
93072.000000
53605.000000
36953.000000
76166.000000
176909.000000
30846.000000
51859.000000
152555.000000
101399.000000
92906.000000
91919.000000
168097.000000
79237.000000
55163.000000
32430.000000
136247.000000
142887.000000
177849.000000
122490.000000
127385.000000
150960.000000
112025.000000
143387.000000
30319.000000
130180.000000
132874.000000
123592.000000
81366.000000
118688.000000
129229.000000
55980.000000
61275.000000
90631.000000
61732.000000
128775.000000
153915.000000
151617.000000
70541.000000
147812.000000
119560.000000
