0.000000
0.000000
0.000000
0.000000
0.000000
0.000000
0.000000
0.000000
0.000000
0.000000
0.000000
0.000000
0.000000
0.000000
0.000000
0.000000
0.000000
0.000000
0.000000
0.000000
1672410.000000
10281.000000
48532.000000
18886.000000
152614.000000
387356.000000
161385.000000
26204.000000
20614.000000
49191.000000
83975.000000
13373.000000
20790.000000
90614.000000
34796.000000
117824.000000
36434.000000
28893.000000
18169.000000
190544.000000
269206.000000
189314.000000
59116.000000
97121.000000
78300.000000
46642.000000
27287.000000
57460.000000
252800.000000
343903.000000
73525.000000
22602.000000
12016.000000
81976.000000
106127.000000
52602.000000
96250.000000
243176.000000
39040.000000
82037.000000
61662.000000
103374.000000
52196.000000
98829.000000
166315.000000
278874.000000
199448.000000
54903.000000
30811.000000
184882.000000
10501.000000
314695.000000
319813.000000
349827.000000
22995.000000
60944.000000
130414.000000
320018.000000
129997.000000
61434.000000
29357.000000
152429.000000
322865.000000
32799.000000
47527.000000
162592.000000
102652.000000
62614.000000
102631.000000
249542.000000
100967.000000
110364.000000
34159.000000
212703.000000
241613.000000
325660.000000
154051.000000
159348.000000
161948.000000
150334.000000
284839.000000
25528.000000
260489.000000
193270.000000
165552.000000
92195.000000
178065.000000
304545.000000
80202.000000
45589.000000
88410.000000
69138.000000
198299.000000
291581.000000
246175.000000
54305.000000
368625.000000
151059.000000
