0.000000
0.000000
0.000000
0.000000
0.000000
0.000000
0.000000
0.000000
0.000000
0.000000
0.000000
0.000000
0.000000
0.000000
0.000000
0.000000
0.000000
0.000000
0.000000
0.000000
0.000000
38486.000000
9506.000000
7400.000000
7847.000000
9025.000000
7548.000000
8779.000000
6841.000000
6885.000000
7407.000000
7244.000000
6611.000000
8385.000000
7244.000000
5703.000000
5654.000000
6965.000000
4808.000000
7901.000000
12820.000000
9408.000000
7395.000000
10221.000000
7008.000000
8773.000000
7051.000000
6832.000000
8117.000000
7725.000000
7899.000000
7429.000000
5149.000000
7119.000000
6184.000000
11939.000000
9944.000000
6882.000000
5783.000000
5100.000000
10659.000000
11368.000000
9670.000000
8113.000000
9088.000000
9356.000000
10910.000000
6982.000000
9422.000000
12952.000000
7827.000000
8230.000000
12447.000000
11902.000000
6683.000000
6332.000000
6988.000000
8519.000000
7180.000000
9216.000000
8317.000000
7499.000000
13390.000000
5993.000000
10465.000000
6852.000000
7837.000000
7873.000000
10013.000000
7748.000000
7592.000000
7203.000000
10348.000000
8699.000000
9653.000000
9122.000000
9410.000000
9548.000000
8779.000000
5875.000000
8984.000000
9145.000000
9776.000000
11988.000000
8221.000000
6863.000000
8767.000000
13319.000000
7649.000000
6402.000000
9822.000000
7725.000000
8881.000000
12821.000000
9928.000000
9640.000000
10143.000000
5571.000000
