0.000000
0.000000
0.000000
0.000000
0.000000
0.000000
0.000000
0.000000
0.000000
0.000000
0.000000
0.000000
0.000000
0.000000
0.000000
0.000000
0.000000
0.000000
0.000000
0.000000
0.000000
0.000000
255199.000000
11221.000000
45346.000000
72441.000000
40862.000000
15301.000000
14302.000000
28167.000000
31320.000000
8308.000000
17420.000000
42561.000000
17152.000000
42984.000000
12439.000000
21643.000000
15002.000000
50156.000000
51619.000000
59194.000000
40689.000000
36196.000000
37100.000000
23935.000000
9136.000000
35746.000000
44046.000000
47360.000000
40807.000000
8928.000000
7412.000000
41851.000000
34622.000000
52298.000000
46430.000000
42360.000000
18180.000000
34209.000000
35244.000000
41898.000000
29178.000000
38478.000000
46637.000000
46734.000000
65731.000000
40563.000000
11776.000000
37242.000000
7086.000000
48845.000000
65774.000000
53383.000000
23776.000000
37786.000000
44199.000000
69045.000000
47847.000000
46158.000000
27909.000000
55321.000000
58002.000000
10114.000000
33429.000000
51090.000000
40209.000000
12138.000000
38453.000000
35855.000000
73916.000000
69866.000000
26987.000000
42065.000000
45791.000000
50056.000000
73165.000000
71419.000000
41731.000000
45853.000000
64587.000000
18898.000000
54391.000000
54743.000000
49071.000000
32472.000000
52871.000000
59190.000000
24241.000000
27513.000000
37162.000000
54773.000000
47599.000000
44432.000000
50954.000000
31498.000000
45378.000000
48101.000000
