0.000000
0.000000
0.000000
0.000000
0.000000
0.000000
0.000000
0.000000
0.000000
0.000000
0.000000
0.000000
0.000000
0.000000
0.000000
0.000000
0.000000
0.000000
0.000000
0.000000
0.000000
0.000000
0.000000
85520.000000
16663.000000
19599.000000
15909.000000
13770.000000
16706.000000
19000.000000
20395.000000
15211.000000
12288.000000
14311.000000
12958.000000
16156.000000
13835.000000
10734.000000
12338.000000
14818.000000
18807.000000
22051.000000
14390.000000
14364.000000
17280.000000
15169.000000
19880.000000
12581.000000
14863.000000
16115.000000
12630.000000
14497.000000
8620.000000
14704.000000
13792.000000
14246.000000
14477.000000
20609.000000
15234.000000
14993.000000
19379.000000
13283.000000
10033.000000
14710.000000
13575.000000
16320.000000
19171.000000
15267.000000
19860.000000
16981.000000
8416.000000
17919.000000
16799.000000
20676.000000
17062.000000
15687.000000
17336.000000
18379.000000
15069.000000
11863.000000
16993.000000
15746.000000
18043.000000
9841.000000
15852.000000
18170.000000
19616.000000
12253.000000
19638.000000
15363.000000
14353.000000
12230.000000
20522.000000
18644.000000
22885.000000
19711.000000
16976.000000
17237.000000
13384.000000
17534.000000
20695.000000
16501.000000
17656.000000
16787.000000
16337.000000
19336.000000
14761.000000
15543.000000
10481.000000
13344.000000
15877.000000
20062.000000
21186.000000
23052.000000
15078.000000
15349.000000
16054.000000
19925.000000
