0.000000
0.000000
0.000000
0.000000
0.000000
0.000000
0.000000
0.000000
0.000000
0.000000
0.000000
0.000000
0.000000
0.000000
0.000000
0.000000
0.000000
0.000000
0.000000
0.000000
0.000000
0.000000
0.000000
0.000000
1001948.000000
213349.000000
196733.000000
30436.000000
28362.000000
59515.000000
117333.000000
13179.000000
32895.000000
95793.000000
34538.000000
113621.000000
51768.000000
28001.000000
22528.000000
187196.000000
203658.000000
135046.000000
56437.000000
124655.000000
82495.000000
37042.000000
27544.000000
52003.000000
210894.000000
195822.000000
42707.000000
23208.000000
13971.000000
79003.000000
107040.000000
54415.000000
75217.000000
192473.000000
39040.000000
108376.000000
68144.000000
93735.000000
49970.000000
79024.000000
168441.000000
197884.000000
176589.000000
66961.000000
30653.000000
158228.000000
14504.000000
230955.000000
189635.000000
222884.000000
25491.000000
71120.000000
127984.000000
164747.000000
136378.000000
61702.000000
35139.000000
159380.000000
212706.000000
56940.000000
54840.000000
162098.000000
102510.000000
51050.000000
93094.000000
165376.000000
116107.000000
100398.000000
43530.000000
159257.000000
176561.000000
200282.000000
143220.000000
139889.000000
156038.000000
120411.000000
178036.000000
26098.000000
184368.000000
184252.000000
170964.000000
90385.000000
149574.000000
209627.000000
89659.000000
55387.000000
73154.000000
75561.000000
196306.000000
219598.000000
185049.000000
47698.000000
239412.000000
143581.000000
