0.000000
0.000000
0.000000
0.000000
0.000000
0.000000
0.000000
0.000000
0.000000
0.000000
0.000000
0.000000
0.000000
0.000000
0.000000
0.000000
0.000000
0.000000
0.000000
0.000000
0.000000
0.000000
0.000000
0.000000
0.000000
3380489.000000
283983.000000
30453.000000
34831.000000
53523.000000
110865.000000
18212.000000
26431.000000
124826.000000
43418.000000
136996.000000
40610.000000
32405.000000
20947.000000
323233.000000
558672.000000
211190.000000
60667.000000
150543.000000
77105.000000
49414.000000
32103.000000
48038.000000
568542.000000
624181.000000
63288.000000
27039.000000
13820.000000
94707.000000
131587.000000
54238.000000
105690.000000
440261.000000
45457.000000
113803.000000
66498.000000
118421.000000
52652.000000
79856.000000
220286.000000
414087.000000
242494.000000
64596.000000
29494.000000
262435.000000
15751.000000
628257.000000
459078.000000
624606.000000
19502.000000
65885.000000
187380.000000
430580.000000
138052.000000
56309.000000
36572.000000
130633.000000
664327.000000
35729.000000
54778.000000
195111.000000
124344.000000
69109.000000
102996.000000
267982.000000
99160.000000
156689.000000
38101.000000
251751.000000
283082.000000
669952.000000
174534.000000
182796.000000
181241.000000
148896.000000
440839.000000
31187.000000
314744.000000
209125.000000
204503.000000
85972.000000
168865.000000
644071.000000
96107.000000
49785.000000
89682.000000
86977.000000
293591.000000
554422.000000
338365.000000
50237.000000
516468.000000
187844.000000
