0.000000
0.000000
0.000000
0.000000
0.000000
0.000000
0.000000
0.000000
0.000000
0.000000
0.000000
0.000000
0.000000
0.000000
0.000000
0.000000
0.000000
0.000000
0.000000
0.000000
0.000000
0.000000
0.000000
0.000000
0.000000
0.000000
1458914.000000
30827.000000
27292.000000
50404.000000
80389.000000
13240.000000
21733.000000
73407.000000
25276.000000
151976.000000
44447.000000
22957.000000
21208.000000
262639.000000
264087.000000
137465.000000
69820.000000
135394.000000
98116.000000
42330.000000
29637.000000
54827.000000
331367.000000
346135.000000
65893.000000
21729.000000
14455.000000
101285.000000
123529.000000
47376.000000
79723.000000
302974.000000
41304.000000
97606.000000
62928.000000
88115.000000
42417.000000
74801.000000
229342.000000
276116.000000
238653.000000
53118.000000
31247.000000
198546.000000
14818.000000
385861.000000
233540.000000
338959.000000
24195.000000
45668.000000
157419.000000
250755.000000
122795.000000
63127.000000
33051.000000
114761.000000
236261.000000
25944.000000
49720.000000
161477.000000
95218.000000
62499.000000
86549.000000
204139.000000
96032.000000
100553.000000
38387.000000
210643.000000
280952.000000
265453.000000
150231.000000
166058.000000
182118.000000
127004.000000
264001.000000
33878.000000
238758.000000
203780.000000
196207.000000
97765.000000
136709.000000
234060.000000
45472.000000
55945.000000
84038.000000
67895.000000
260913.000000
289352.000000
278354.000000
60034.000000
318056.000000
164212.000000
