0.000000
0.000000
0.000000
0.000000
0.000000
0.000000
0.000000
0.000000
0.000000
0.000000
0.000000
0.000000
0.000000
0.000000
0.000000
0.000000
0.000000
0.000000
0.000000
0.000000
0.000000
0.000000
0.000000
0.000000
0.000000
0.000000
0.000000
134156.000000
45093.000000
55045.000000
62853.000000
32054.000000
35489.000000
31469.000000
106292.000000
27607.000000
19647.000000
21390.000000
19328.000000
29106.000000
30296.000000
26161.000000
18269.000000
31948.000000
25468.000000
22422.000000
26321.000000
29545.000000
27264.000000
30113.000000
18931.000000
22526.000000
8421.000000
21321.000000
26390.000000
24143.000000
28263.000000
31537.000000
24824.000000
27189.000000
22006.000000
26488.000000
26668.000000
27736.000000
19416.000000
28796.000000
30759.000000
18407.000000
19808.000000
23344.000000
10399.000000
27007.000000
49086.000000
29309.000000
25788.000000
32265.000000
27265.000000
33957.000000
35408.000000
24248.000000
27805.000000
30366.000000
33729.000000
19085.000000
29377.000000
39149.000000
35170.000000
38989.000000
31977.000000
37118.000000
17365.000000
24732.000000
22918.000000
31634.000000
33440.000000
36846.000000
36260.000000
33058.000000
27870.000000
32648.000000
28573.000000
31742.000000
33165.000000
33152.000000
29392.000000
33970.000000
30566.000000
29412.000000
38084.000000
28506.000000
36403.000000
24557.000000
39297.000000
38474.000000
31252.000000
38367.000000
29193.000000
26010.000000
