0.000000
0.000000
0.000000
0.000000
0.000000
0.000000
0.000000
0.000000
0.000000
0.000000
0.000000
0.000000
0.000000
0.000000
0.000000
0.000000
0.000000
0.000000
0.000000
0.000000
0.000000
0.000000
0.000000
0.000000
0.000000
0.000000
0.000000
0.000000
150920.000000
68239.000000
64440.000000
51756.000000
57815.000000
36769.000000
52348.000000
26145.000000
19436.000000
18246.000000
13532.000000
30005.000000
26306.000000
28867.000000
20673.000000
26237.000000
27550.000000
17893.000000
20412.000000
27627.000000
30979.000000
30739.000000
17475.000000
15060.000000
12611.000000
25873.000000
27196.000000
23552.000000
29261.000000
26758.000000
21133.000000
25968.000000
24378.000000
25354.000000
26695.000000
22788.000000
25517.000000
27223.000000
29779.000000
22936.000000
18149.000000
22931.000000
9910.000000
31992.000000
43429.000000
36724.000000
14489.000000
28100.000000
26775.000000
23886.000000
26637.000000
22722.000000
33097.000000
30745.000000
32103.000000
28218.000000
22915.000000
33507.000000
29434.000000
28234.000000
34922.000000
30143.000000
18162.000000
19354.000000
22510.000000
20668.000000
25882.000000
29107.000000
33509.000000
28152.000000
33880.000000
34156.000000
33591.000000
18747.000000
28644.000000
35430.000000
36943.000000
21467.000000
27180.000000
30641.000000
30104.000000
43718.000000
34416.000000
23573.000000
31782.000000
41999.000000
40828.000000
32257.000000
27324.000000
21319.000000
