0.000000
0.000000
414950.000000
26511.000000
85753.000000
79576.000000
78168.000000
76103.000000
39255.000000
99937.000000
37058.000000
45984.000000
96385.000000
86808.000000
92048.000000
61508.000000
60124.000000
76302.000000
77775.000000
61735.000000
54518.000000
9307.000000
36542.000000
15457.000000
87564.000000
118675.000000
61617.000000
26606.000000
32985.000000
51893.000000
69781.000000
13261.000000
25199.000000
83923.000000
31045.000000
48174.000000
37483.000000
31090.000000
20865.000000
68759.000000
81305.000000
70720.000000
56483.000000
63263.000000
38378.000000
27629.000000
28795.000000
30742.000000
93770.000000
67928.000000
44224.000000
19115.000000
10025.000000
53219.000000
62910.000000
40679.000000
50439.000000
83427.000000
24123.000000
81700.000000
49449.000000
73123.000000
58847.000000
52840.000000
103131.000000
63722.000000
57130.000000
41449.000000
20458.000000
81974.000000
10025.000000
72590.000000
101359.000000
86693.000000
22479.000000
54479.000000
79356.000000
79348.000000
67691.000000
45168.000000
30048.000000
57331.000000
119413.000000
34962.000000
51732.000000
63475.000000
66239.000000
54865.000000
47837.000000
69793.000000
73625.000000
49990.000000
27531.000000
65640.000000
74487.000000
74477.000000
74712.000000
80052.000000
81336.000000
81282.000000
78779.000000
19910.000000
99020.000000
73702.000000
72560.000000
58367.000000
77742.000000
98987.000000
45669.000000
30996.000000
60620.000000
50958.000000
80257.000000
106480.000000
85441.000000
43619.000000
70211.000000
90888.000000
