0.000000
0.000000
0.000000
0.000000
0.000000
0.000000
0.000000
0.000000
0.000000
0.000000
0.000000
0.000000
0.000000
0.000000
0.000000
0.000000
0.000000
0.000000
0.000000
0.000000
0.000000
0.000000
0.000000
0.000000
0.000000
0.000000
0.000000
0.000000
0.000000
306464.000000
273974.000000
35772.000000
50166.000000
79197.000000
74224.000000
71700.000000
33595.000000
18454.000000
14908.000000
45929.000000
59249.000000
54491.000000
34295.000000
49981.000000
58011.000000
17189.000000
25628.000000
23603.000000
70408.000000
66083.000000
28821.000000
19790.000000
14055.000000
60549.000000
48722.000000
34545.000000
54972.000000
58893.000000
31064.000000
55745.000000
39966.000000
43560.000000
35840.000000
47454.000000
62730.000000
52695.000000
65970.000000
26189.000000
10256.000000
59240.000000
8581.000000
67180.000000
62859.000000
63184.000000
18107.000000
43531.000000
65010.000000
38564.000000
54776.000000
46198.000000
31986.000000
60045.000000
72658.000000
36385.000000
37558.000000
69937.000000
60423.000000
63657.000000
61195.000000
63347.000000
49691.000000
26382.000000
28771.000000
54685.000000
61170.000000
54146.000000
70530.000000
68282.000000
68237.000000
69297.000000
64933.000000
21935.000000
65377.000000
64456.000000
69427.000000
47186.000000
44667.000000
87496.000000
50302.000000
67685.000000
74909.000000
42091.000000
61848.000000
89908.000000
68069.000000
58459.000000
57435.000000
53342.000000
