0.000000
0.000000
0.000000
0.000000
0.000000
0.000000
0.000000
0.000000
0.000000
0.000000
0.000000
0.000000
0.000000
0.000000
0.000000
0.000000
0.000000
0.000000
0.000000
0.000000
0.000000
0.000000
0.000000
0.000000
0.000000
0.000000
0.000000
0.000000
0.000000
0.000000
622664.000000
33181.000000
48274.000000
137282.000000
73288.000000
90868.000000
28930.000000
18319.000000
13599.000000
113972.000000
97105.000000
82896.000000
37703.000000
86020.000000
46942.000000
16632.000000
23321.000000
35577.000000
126646.000000
122219.000000
29083.000000
18267.000000
11720.000000
89410.000000
96909.000000
40884.000000
61920.000000
110551.000000
32387.000000
54114.000000
48397.000000
60903.000000
32082.000000
46029.000000
112979.000000
82434.000000
112926.000000
33401.000000
14707.000000
118664.000000
8554.000000
129068.000000
106645.000000
147020.000000
19051.000000
55572.000000
106355.000000
116131.000000
49641.000000
43993.000000
34558.000000
90759.000000
127701.000000
34308.000000
40948.000000
90439.000000
89295.000000
70771.000000
77623.000000
122552.000000
83173.000000
83307.000000
33079.000000
96303.000000
134554.000000
92663.000000
125776.000000
112629.000000
136587.000000
91707.000000
121058.000000
18997.000000
152009.000000
103754.000000
129526.000000
56349.000000
102561.000000
176076.000000
95516.000000
76937.000000
76080.000000
44861.000000
135707.000000
170125.000000
139121.000000
62464.000000
126706.000000
61880.000000
