0.000000
0.000000
0.000000
0.000000
0.000000
0.000000
0.000000
0.000000
0.000000
0.000000
0.000000
0.000000
0.000000
0.000000
0.000000
0.000000
0.000000
0.000000
0.000000
0.000000
0.000000
0.000000
0.000000
0.000000
0.000000
0.000000
0.000000
0.000000
0.000000
0.000000
0.000000
74386.000000
28813.000000
16867.000000
40914.000000
10828.000000
15312.000000
11205.000000
5208.000000
13455.000000
14173.000000
15535.000000
10825.000000
12698.000000
15229.000000
6329.000000
12964.000000
17047.000000
13019.000000
14332.000000
10342.000000
10562.000000
10237.000000
14607.000000
14852.000000
16446.000000
15654.000000
16624.000000
11769.000000
17484.000000
16189.000000
8322.000000
12230.000000
13715.000000
9485.000000
14701.000000
14152.000000
12205.000000
14045.000000
12694.000000
7852.000000
16544.000000
18718.000000
17598.000000
16945.000000
19183.000000
17656.000000
15806.000000
16842.000000
19258.000000
15210.000000
20298.000000
20687.000000
14235.000000
14056.000000
19982.000000
21861.000000
20824.000000
15323.000000
13552.000000
11162.000000
15186.000000
14533.000000
13601.000000
12544.000000
15833.000000
21042.000000
20570.000000
14256.000000
13068.000000
19051.000000
10387.000000
17240.000000
17509.000000
16968.000000
12357.000000
13634.000000
16649.000000
15307.000000
26946.000000
24448.000000
17248.000000
12432.000000
20834.000000
14420.000000
18723.000000
14624.000000
15675.000000
