0.000000
0.000000
0.000000
0.000000
0.000000
0.000000
0.000000
0.000000
0.000000
0.000000
0.000000
0.000000
0.000000
0.000000
0.000000
0.000000
0.000000
0.000000
0.000000
0.000000
0.000000
0.000000
0.000000
0.000000
0.000000
0.000000
0.000000
0.000000
0.000000
0.000000
0.000000
0.000000
127336.000000
31812.000000
44626.000000
15897.000000
16428.000000
9004.000000
8219.000000
20522.000000
26212.000000
21117.000000
13047.000000
29440.000000
21069.000000
8613.000000
20226.000000
19769.000000
21678.000000
25473.000000
15774.000000
13131.000000
7900.000000
24285.000000
23854.000000
22819.000000
29773.000000
26659.000000
16894.000000
21637.000000
27010.000000
26453.000000
21657.000000
29960.000000
22427.000000
23386.000000
27669.000000
24991.000000
12674.000000
27106.000000
9888.000000
22513.000000
40481.000000
23625.000000
10711.000000
25042.000000
28829.000000
21496.000000
27550.000000
26159.000000
21318.000000
28216.000000
31934.000000
21038.000000
24171.000000
33582.000000
29797.000000
28010.000000
27323.000000
27074.000000
18471.000000
23684.000000
19197.000000
17867.000000
30493.000000
27955.000000
29121.000000
27154.000000
33305.000000
22661.000000
24925.000000
9904.000000
26436.000000
28151.000000
32262.000000
11049.000000
25262.000000
33246.000000
27713.000000
33872.000000
26982.000000
20990.000000
26391.000000
35832.000000
29097.000000
31067.000000
21910.000000
21751.000000
