0.000000
0.000000
0.000000
0.000000
0.000000
0.000000
0.000000
0.000000
0.000000
0.000000
0.000000
0.000000
0.000000
0.000000
0.000000
0.000000
0.000000
0.000000
0.000000
0.000000
0.000000
0.000000
0.000000
0.000000
0.000000
0.000000
0.000000
0.000000
0.000000
0.000000
0.000000
0.000000
0.000000
587541.000000
41491.000000
52308.000000
26770.000000
17321.000000
20974.000000
110015.000000
131009.000000
98612.000000
38059.000000
75043.000000
49685.000000
26150.000000
24926.000000
29656.000000
115992.000000
105664.000000
44351.000000
15422.000000
9273.000000
75543.000000
74502.000000
43503.000000
66421.000000
144205.000000
22968.000000
54817.000000
50039.000000
71042.000000
66375.000000
57755.000000
76664.000000
99477.000000
110274.000000
44815.000000
20853.000000
106584.000000
9938.000000
90456.000000
138050.000000
117922.000000
28168.000000
38227.000000
95145.000000
113113.000000
90139.000000
22841.000000
36865.000000
130412.000000
161911.000000
34070.000000
42500.000000
85400.000000
80540.000000
39797.000000
65150.000000
110482.000000
66828.000000
54251.000000
22295.000000
76656.000000
113845.000000
100245.000000
102655.000000
67991.000000
107666.000000
92073.000000
137945.000000
23565.000000
107132.000000
108626.000000
101606.000000
61422.000000
98952.000000
136223.000000
46848.000000
40930.000000
26546.000000
57093.000000
102426.000000
126042.000000
102835.000000
17971.000000
125787.000000
118805.000000
