0.000000
0.000000
0.000000
0.000000
0.000000
0.000000
0.000000
0.000000
0.000000
0.000000
0.000000
0.000000
0.000000
0.000000
0.000000
0.000000
0.000000
0.000000
0.000000
0.000000
0.000000
0.000000
0.000000
0.000000
0.000000
0.000000
0.000000
0.000000
0.000000
0.000000
0.000000
0.000000
0.000000
0.000000
167482.000000
30842.000000
20480.000000
19414.000000
16703.000000
32901.000000
25975.000000
30457.000000
23894.000000
28644.000000
40526.000000
19684.000000
24248.000000
23970.000000
27440.000000
34424.000000
27903.000000
18645.000000
8893.000000
26310.000000
24290.000000
20900.000000
24385.000000
31941.000000
22021.000000
29134.000000
29918.000000
27579.000000
36441.000000
29383.000000
20904.000000
36721.000000
30650.000000
30979.000000
18321.000000
29775.000000
9064.000000
30437.000000
53401.000000
38397.000000
26298.000000
32560.000000
32372.000000
35024.000000
42284.000000
27482.000000
35603.000000
37231.000000
37344.000000
32553.000000
30390.000000
39982.000000
51949.000000
45603.000000
45839.000000
36267.000000
26737.000000
25011.000000
21125.000000
32528.000000
30850.000000
36425.000000
44317.000000
41782.000000
32078.000000
39050.000000
35708.000000
20666.000000
33328.000000
34114.000000
35408.000000
32054.000000
34765.000000
35529.000000
45477.000000
35240.000000
40799.000000
29813.000000
30681.000000
54561.000000
30225.000000
45424.000000
34399.000000
24183.000000
