0.000000
0.000000
0.000000
0.000000
0.000000
0.000000
0.000000
0.000000
0.000000
0.000000
0.000000
0.000000
0.000000
0.000000
0.000000
0.000000
0.000000
0.000000
0.000000
0.000000
0.000000
0.000000
0.000000
0.000000
0.000000
0.000000
0.000000
0.000000
0.000000
0.000000
0.000000
0.000000
0.000000
0.000000
0.000000
582213.000000
79631.000000
24660.000000
24328.000000
120597.000000
111832.000000
90234.000000
59371.000000
100180.000000
73369.000000
35639.000000
26887.000000
50918.000000
134704.000000
129384.000000
51322.000000
29669.000000
11119.000000
88305.000000
100121.000000
49827.000000
85824.000000
129056.000000
44236.000000
84640.000000
48219.000000
81071.000000
44534.000000
73187.000000
114255.000000
122064.000000
123943.000000
45170.000000
22490.000000
88094.000000
12739.000000
150411.000000
110791.000000
122231.000000
21632.000000
48722.000000
120998.000000
97584.000000
100392.000000
62451.000000
35847.000000
109615.000000
110463.000000
29092.000000
57059.000000
122850.000000
95118.000000
64306.000000
84548.000000
99669.000000
75156.000000
84652.000000
35764.000000
138320.000000
133479.000000
121111.000000
114512.000000
122388.000000
112699.000000
120090.000000
139728.000000
29012.000000
128689.000000
112890.000000
114276.000000
81517.000000
90708.000000
108285.000000
32667.000000
34480.000000
85530.000000
54296.000000
103170.000000
115192.000000
121137.000000
66027.000000
134882.000000
116891.000000
