0.000000
0.000000
0.000000
0.000000
0.000000
0.000000
0.000000
0.000000
0.000000
0.000000
0.000000
0.000000
0.000000
0.000000
0.000000
0.000000
0.000000
0.000000
0.000000
0.000000
0.000000
0.000000
0.000000
0.000000
0.000000
0.000000
0.000000
0.000000
0.000000
0.000000
0.000000
0.000000
0.000000
0.000000
0.000000
0.000000
198990.000000
19878.000000
18644.000000
42222.000000
40974.000000
40878.000000
32570.000000
47687.000000
35826.000000
21564.000000
26667.000000
33246.000000
47472.000000
51122.000000
24216.000000
23630.000000
12070.000000
25790.000000
47820.000000
31898.000000
37671.000000
36392.000000
35208.000000
38251.000000
38186.000000
44091.000000
25922.000000
38121.000000
32709.000000
35590.000000
44509.000000
33493.000000
18444.000000
38946.000000
12528.000000
52733.000000
44540.000000
45261.000000
20099.000000
36229.000000
38622.000000
39565.000000
40324.000000
39826.000000
28944.000000
27549.000000
40623.000000
23292.000000
41502.000000
37361.000000
41171.000000
35417.000000
46947.000000
33648.000000
33835.000000
18272.000000
33408.000000
50506.000000
47867.000000
42587.000000
32101.000000
29594.000000
34511.000000
45993.000000
38085.000000
32269.000000
39362.000000
46132.000000
45137.000000
38592.000000
32706.000000
40571.000000
24246.000000
30529.000000
34087.000000
32342.000000
43250.000000
39856.000000
40888.000000
30232.000000
44783.000000
42620.000000
