0.000000
0.000000
0.000000
0.000000
0.000000
0.000000
0.000000
0.000000
0.000000
0.000000
0.000000
0.000000
0.000000
0.000000
0.000000
0.000000
0.000000
0.000000
0.000000
0.000000
0.000000
0.000000
0.000000
0.000000
0.000000
0.000000
0.000000
0.000000
0.000000
0.000000
0.000000
0.000000
0.000000
0.000000
0.000000
0.000000
0.000000
153014.000000
28467.000000
27406.000000
42581.000000
35798.000000
22594.000000
28959.000000
33790.000000
23558.000000
16319.000000
29371.000000
38684.000000
34016.000000
23173.000000
14133.000000
10557.000000
27613.000000
26426.000000
33676.000000
34656.000000
32087.000000
19922.000000
31768.000000
23114.000000
33888.000000
22358.000000
27181.000000
26371.000000
29179.000000
27989.000000
26926.000000
16294.000000
31177.000000
8386.000000
27203.000000
33830.000000
35819.000000
14345.000000
23579.000000
26088.000000
33489.000000
34989.000000
19407.000000
7646.000000
34141.000000
33742.000000
29990.000000
25695.000000
27924.000000
32521.000000
22971.000000
31096.000000
32937.000000
24151.000000
32296.000000
24969.000000
25670.000000
25816.000000
33715.000000
35197.000000
42396.000000
20698.000000
28285.000000
32423.000000
19303.000000
33272.000000
26615.000000
22005.000000
26989.000000
35701.000000
34124.000000
18511.000000
22533.000000
30348.000000
29255.000000
29383.000000
38789.000000
32535.000000
26078.000000
30829.000000
33289.000000
