0.000000
0.000000
0.000000
0.000000
0.000000
0.000000
0.000000
0.000000
0.000000
0.000000
0.000000
0.000000
0.000000
0.000000
0.000000
0.000000
0.000000
0.000000
0.000000
0.000000
0.000000
0.000000
0.000000
0.000000
0.000000
0.000000
0.000000
0.000000
0.000000
0.000000
0.000000
0.000000
0.000000
0.000000
0.000000
0.000000
0.000000
0.000000
94829.000000
17179.000000
23485.000000
22484.000000
22693.000000
22024.000000
20822.000000
19186.000000
16169.000000
20601.000000
20210.000000
26682.000000
15374.000000
16139.000000
13476.000000
19020.000000
15101.000000
17385.000000
17867.000000
23341.000000
18234.000000
21262.000000
17567.000000
22331.000000
18062.000000
19092.000000
21842.000000
21516.000000
20956.000000
16170.000000
19622.000000
16221.000000
6949.000000
22041.000000
20036.000000
19751.000000
13329.000000
20125.000000
19085.000000
20230.000000
17621.000000
24044.000000
14875.000000
21055.000000
20647.000000
18631.000000
20912.000000
23100.000000
25453.000000
16484.000000
24468.000000
27615.000000
16691.000000
14204.000000
19920.000000
23308.000000
21321.000000
20416.000000
22502.000000
22545.000000
16826.000000
18621.000000
20751.000000
15046.000000
20184.000000
21130.000000
21341.000000
23195.000000
21673.000000
15707.000000
18397.000000
16551.000000
19592.000000
21384.000000
22372.000000
23664.000000
26149.000000
17177.000000
19167.000000
25425.000000
