0.000000
0.000000
0.000000
167065.000000
38669.000000
30222.000000
34126.000000
36321.000000
33257.000000
33560.000000
24056.000000
32592.000000
39188.000000
20157.000000
34848.000000
36026.000000
31555.000000
40735.000000
33951.000000
36460.000000
36894.000000
9113.000000
31068.000000
14584.000000
31932.000000
38281.000000
29939.000000
22465.000000
22283.000000
29288.000000
36419.000000
14075.000000
17702.000000
33429.000000
17958.000000
34326.000000
26619.000000
20896.000000
18162.000000
34032.000000
36941.000000
37543.000000
27090.000000
42024.000000
31725.000000
25531.000000
21354.000000
30805.000000
37538.000000
36573.000000
19917.000000
21342.000000
9916.000000
30725.000000
31399.000000
30291.000000
36076.000000
39989.000000
26921.000000
36462.000000
32855.000000
27607.000000
31701.000000
30806.000000
36506.000000
34220.000000
40316.000000
27509.000000
19752.000000
30758.000000
10650.000000
35315.000000
35626.000000
39306.000000
24763.000000
24158.000000
35468.000000
38641.000000
26266.000000
32520.000000
26835.000000
29926.000000
41438.000000
20212.000000
31918.000000
44713.000000
30677.000000
24134.000000
32681.000000
39577.000000
35548.000000
21456.000000
33291.000000
30859.000000
31516.000000
35603.000000
34547.000000
33820.000000
31067.000000
32582.000000
31100.000000
19718.000000
38221.000000
32002.000000
32702.000000
32943.000000
31229.000000
42788.000000
25230.000000
32499.000000
30622.000000
29576.000000
30325.000000
35312.000000
34516.000000
25581.000000
44897.000000
31371.000000
