0.000000
0.000000
0.000000
0.000000
0.000000
0.000000
0.000000
0.000000
0.000000
0.000000
0.000000
0.000000
0.000000
0.000000
0.000000
0.000000
0.000000
0.000000
0.000000
0.000000
0.000000
0.000000
0.000000
0.000000
0.000000
0.000000
0.000000
0.000000
0.000000
0.000000
0.000000
0.000000
0.000000
0.000000
0.000000
0.000000
0.000000
0.000000
0.000000
1764287.000000
325611.000000
153109.000000
75941.000000
112952.000000
87201.000000
35008.000000
24103.000000
53487.000000
378202.000000
342635.000000
62958.000000
25621.000000
13536.000000
105510.000000
145528.000000
58458.000000
85744.000000
325660.000000
37516.000000
99395.000000
68408.000000
88911.000000
51169.000000
89910.000000
210396.000000
290209.000000
261857.000000
74268.000000
30874.000000
231655.000000
12183.000000
368697.000000
333612.000000
338739.000000
22322.000000
43361.000000
145137.000000
276246.000000
145882.000000
72552.000000
38800.000000
152901.000000
316096.000000
26942.000000
60906.000000
154792.000000
102128.000000
46662.000000
82984.000000
232251.000000
118062.000000
134225.000000
40549.000000
241149.000000
292635.000000
341256.000000
156223.000000
181391.000000
188550.000000
136537.000000
321571.000000
25040.000000
263626.000000
231449.000000
200665.000000
87117.000000
153671.000000
343196.000000
83143.000000
46198.000000
78955.000000
58139.000000
306251.000000
340424.000000
324819.000000
56956.000000
348622.000000
164173.000000
