0.000000
0.000000
0.000000
0.000000
0.000000
0.000000
0.000000
0.000000
0.000000
0.000000
0.000000
0.000000
0.000000
0.000000
0.000000
0.000000
0.000000
0.000000
0.000000
0.000000
0.000000
0.000000
0.000000
0.000000
0.000000
0.000000
0.000000
0.000000
0.000000
0.000000
0.000000
0.000000
0.000000
0.000000
0.000000
0.000000
0.000000
0.000000
0.000000
0.000000
3799090.000000
196720.000000
64313.000000
118405.000000
81797.000000
45233.000000
36545.000000
45473.000000
724276.000000
636728.000000
61440.000000
26589.000000
13139.000000
92626.000000
120622.000000
63210.000000
93739.000000
497329.000000
39512.000000
119750.000000
57682.000000
102282.000000
46603.000000
92813.000000
280373.000000
469762.000000
241166.000000
68145.000000
33741.000000
269395.000000
14474.000000
691594.000000
580176.000000
714759.000000
21182.000000
69115.000000
179718.000000
520639.000000
150799.000000
54240.000000
41624.000000
148016.000000
663211.000000
31611.000000
55637.000000
179811.000000
113023.000000
69487.000000
87440.000000
256577.000000
132285.000000
134032.000000
46257.000000
240808.000000
276054.000000
675390.000000
168270.000000
199450.000000
203481.000000
144856.000000
443095.000000
26905.000000
361555.000000
244393.000000
182545.000000
97354.000000
164955.000000
723971.000000
120285.000000
52854.000000
83507.000000
100151.000000
312257.000000
610175.000000
391560.000000
42178.000000
575985.000000
195526.000000
