0.000000
0.000000
0.000000
0.000000
0.000000
0.000000
0.000000
0.000000
0.000000
0.000000
0.000000
0.000000
0.000000
0.000000
0.000000
0.000000
0.000000
0.000000
0.000000
0.000000
0.000000
0.000000
0.000000
0.000000
0.000000
0.000000
0.000000
0.000000
0.000000
0.000000
0.000000
0.000000
0.000000
0.000000
0.000000
0.000000
0.000000
0.000000
0.000000
0.000000
0.000000
875776.000000
66170.000000
118573.000000
71647.000000
39819.000000
33284.000000
67709.000000
172211.000000
192332.000000
75108.000000
22623.000000
15571.000000
85801.000000
95551.000000
53730.000000
82409.000000
161838.000000
42730.000000
91634.000000
63044.000000
106635.000000
57855.000000
89056.000000
138842.000000
183560.000000
140198.000000
65023.000000
31916.000000
144346.000000
10376.000000
185164.000000
177241.000000
178949.000000
23944.000000
56428.000000
107099.000000
193949.000000
118534.000000
52654.000000
44672.000000
122429.000000
179749.000000
37459.000000
63389.000000
150397.000000
108939.000000
43586.000000
89732.000000
184732.000000
87127.000000
115934.000000
46773.000000
166560.000000
167714.000000
175582.000000
161317.000000
155455.000000
153691.000000
121495.000000
196536.000000
29913.000000
178693.000000
129240.000000
127557.000000
90588.000000
139915.000000
189615.000000
78663.000000
46312.000000
70377.000000
86355.000000
145283.000000
162279.000000
193243.000000
51242.000000
180968.000000
153202.000000
