0.000000
0.000000
0.000000
0.000000
0.000000
0.000000
0.000000
0.000000
0.000000
0.000000
0.000000
0.000000
0.000000
0.000000
0.000000
0.000000
0.000000
0.000000
0.000000
0.000000
0.000000
0.000000
0.000000
0.000000
0.000000
0.000000
0.000000
0.000000
0.000000
0.000000
0.000000
0.000000
0.000000
0.000000
0.000000
0.000000
0.000000
0.000000
0.000000
0.000000
0.000000
0.000000
280113.000000
49006.000000
44294.000000
33398.000000
25360.000000
38190.000000
72343.000000
53237.000000
70829.000000
19053.000000
9567.000000
54296.000000
55830.000000
39219.000000
39253.000000
62340.000000
32669.000000
49426.000000
54941.000000
53727.000000
44580.000000
49648.000000
53800.000000
63908.000000
81173.000000
54789.000000
29967.000000
59349.000000
7702.000000
57041.000000
50275.000000
68168.000000
23193.000000
35403.000000
50502.000000
62968.000000
62985.000000
43072.000000
32869.000000
58385.000000
61307.000000
23661.000000
45488.000000
39297.000000
51258.000000
27129.000000
52934.000000
63471.000000
52323.000000
38675.000000
29104.000000
58576.000000
60486.000000
69874.000000
61676.000000
60954.000000
55387.000000
61405.000000
64554.000000
33221.000000
64239.000000
56774.000000
56028.000000
47169.000000
69615.000000
50341.000000
39221.000000
29629.000000
38453.000000
46039.000000
63571.000000
62106.000000
73694.000000
30448.000000
66060.000000
57427.000000
