0.000000
0.000000
0.000000
0.000000
0.000000
0.000000
0.000000
0.000000
0.000000
0.000000
0.000000
0.000000
0.000000
0.000000
0.000000
0.000000
0.000000
0.000000
0.000000
0.000000
0.000000
0.000000
0.000000
0.000000
0.000000
0.000000
0.000000
0.000000
0.000000
0.000000
0.000000
0.000000
0.000000
0.000000
0.000000
0.000000
0.000000
0.000000
0.000000
0.000000
0.000000
0.000000
0.000000
604457.000000
93939.000000
39394.000000
35434.000000
72985.000000
132281.000000
130496.000000
46832.000000
27921.000000
14085.000000
76008.000000
87656.000000
46371.000000
67613.000000
123350.000000
38485.000000
84846.000000
55897.000000
88318.000000
49555.000000
80513.000000
107178.000000
133005.000000
108970.000000
54366.000000
26401.000000
101772.000000
12481.000000
146348.000000
133996.000000
128820.000000
20604.000000
54201.000000
95261.000000
99316.000000
102944.000000
63888.000000
30633.000000
81307.000000
119736.000000
31589.000000
55785.000000
117959.000000
105888.000000
62215.000000
92686.000000
98940.000000
78461.000000
49491.000000
46377.000000
115593.000000
131933.000000
121643.000000
88682.000000
96591.000000
123848.000000
103746.000000
137302.000000
28655.000000
132222.000000
110386.000000
105322.000000
92646.000000
92802.000000
92680.000000
55565.000000
38167.000000
72029.000000
61307.000000
109491.000000
124897.000000
114011.000000
57622.000000
130245.000000
104533.000000
