0.000000
0.000000
0.000000
0.000000
0.000000
0.000000
0.000000
0.000000
0.000000
0.000000
0.000000
0.000000
0.000000
0.000000
0.000000
0.000000
0.000000
0.000000
0.000000
0.000000
0.000000
0.000000
0.000000
0.000000
0.000000
0.000000
0.000000
0.000000
0.000000
0.000000
0.000000
0.000000
0.000000
0.000000
0.000000
0.000000
0.000000
0.000000
0.000000
0.000000
0.000000
0.000000
0.000000
0.000000
407842.000000
40458.000000
29638.000000
43951.000000
98590.000000
93799.000000
63355.000000
18691.000000
10357.000000
61001.000000
73050.000000
42566.000000
73243.000000
85893.000000
41148.000000
64859.000000
60526.000000
57006.000000
42720.000000
60502.000000
65540.000000
81468.000000
87924.000000
54657.000000
25352.000000
62872.000000
11188.000000
95102.000000
72788.000000
79909.000000
18575.000000
43169.000000
57060.000000
90002.000000
86622.000000
65544.000000
41709.000000
101481.000000
95155.000000
28299.000000
51065.000000
73427.000000
67258.000000
56410.000000
71403.000000
90267.000000
72804.000000
58518.000000
44977.000000
97586.000000
97098.000000
98307.000000
79935.000000
74983.000000
65167.000000
97239.000000
78290.000000
26063.000000
77119.000000
75245.000000
74989.000000
66919.000000
74481.000000
72330.000000
41585.000000
42926.000000
65927.000000
69304.000000
73827.000000
81367.000000
91162.000000
46884.000000
87722.000000
69904.000000
