0.000000
0.000000
0.000000
0.000000
0.000000
0.000000
0.000000
0.000000
0.000000
0.000000
0.000000
0.000000
0.000000
0.000000
0.000000
0.000000
0.000000
0.000000
0.000000
0.000000
0.000000
0.000000
0.000000
0.000000
0.000000
0.000000
0.000000
0.000000
0.000000
0.000000
0.000000
0.000000
0.000000
0.000000
0.000000
0.000000
0.000000
0.000000
0.000000
0.000000
0.000000
0.000000
0.000000
0.000000
0.000000
183499.000000
25814.000000
35084.000000
31390.000000
42650.000000
27637.000000
21632.000000
12136.000000
34643.000000
25521.000000
33790.000000
38728.000000
46544.000000
30440.000000
40421.000000
30247.000000
33732.000000
28612.000000
34581.000000
26611.000000
42121.000000
36463.000000
23704.000000
25682.000000
36903.000000
8278.000000
41399.000000
40866.000000
42819.000000
17396.000000
21962.000000
29925.000000
37992.000000
34424.000000
33120.000000
34473.000000
32631.000000
35440.000000
24873.000000
29852.000000
36963.000000
38060.000000
24970.000000
33992.000000
32865.000000
31796.000000
19731.000000
32457.000000
43963.000000
40418.000000
39268.000000
38978.000000
36724.000000
27485.000000
44516.000000
38670.000000
20334.000000
40183.000000
33161.000000
34034.000000
33771.000000
34769.000000
26820.000000
19961.000000
31770.000000
33181.000000
44432.000000
34792.000000
31175.000000
35276.000000
23159.000000
39546.000000
38004.000000
