0.000000
0.000000
0.000000
0.000000
0.000000
0.000000
0.000000
0.000000
0.000000
0.000000
0.000000
0.000000
0.000000
0.000000
0.000000
0.000000
0.000000
0.000000
0.000000
0.000000
0.000000
0.000000
0.000000
0.000000
0.000000
0.000000
0.000000
0.000000
0.000000
0.000000
0.000000
0.000000
0.000000
0.000000
0.000000
0.000000
0.000000
0.000000
0.000000
0.000000
0.000000
0.000000
0.000000
0.000000
0.000000
0.000000
138225.000000
29530.000000
31399.000000
32642.000000
28495.000000
67454.000000
11537.000000
24970.000000
28841.000000
32560.000000
31370.000000
39617.000000
25474.000000
39150.000000
26124.000000
31573.000000
24529.000000
40664.000000
29012.000000
32617.000000
32406.000000
29398.000000
25861.000000
29304.000000
6744.000000
31797.000000
29504.000000
33228.000000
21311.000000
25296.000000
30661.000000
28709.000000
24734.000000
30771.000000
24947.000000
30817.000000
37227.000000
25451.000000
30411.000000
31586.000000
29941.000000
21512.000000
28901.000000
32014.000000
23123.000000
20828.000000
23081.000000
34312.000000
23439.000000
33478.000000
29163.000000
31200.000000
31528.000000
33301.000000
34778.000000
21256.000000
32144.000000
32667.000000
29804.000000
31732.000000
33980.000000
35213.000000
24924.000000
22885.000000
25262.000000
25650.000000
23863.000000
29125.000000
27073.000000
22404.000000
32873.000000
27979.000000
