0.000000
0.000000
0.000000
0.000000
0.000000
0.000000
0.000000
0.000000
0.000000
0.000000
0.000000
0.000000
0.000000
0.000000
0.000000
0.000000
0.000000
0.000000
0.000000
0.000000
0.000000
0.000000
0.000000
0.000000
0.000000
0.000000
0.000000
0.000000
0.000000
0.000000
0.000000
0.000000
0.000000
0.000000
0.000000
0.000000
0.000000
0.000000
0.000000
0.000000
0.000000
0.000000
0.000000
0.000000
0.000000
0.000000
0.000000
224824.000000
46693.000000
56515.000000
34639.000000
21431.000000
12476.000000
33466.000000
44776.000000
32035.000000
43884.000000
46599.000000
34620.000000
48288.000000
37800.000000
43522.000000
33421.000000
51553.000000
39771.000000
49707.000000
60294.000000
42624.000000
23721.000000
40301.000000
11812.000000
61057.000000
53645.000000
51918.000000
27167.000000
38775.000000
38016.000000
49448.000000
47672.000000
39448.000000
28096.000000
53772.000000
47185.000000
23652.000000
35713.000000
53031.000000
50073.000000
43564.000000
55165.000000
48575.000000
39326.000000
22694.000000
33761.000000
54647.000000
49586.000000
58713.000000
43047.000000
43275.000000
41838.000000
50366.000000
49816.000000
27508.000000
47965.000000
50757.000000
47421.000000
61759.000000
41612.000000
42019.000000
27347.000000
29699.000000
37388.000000
42009.000000
48263.000000
54818.000000
47051.000000
37571.000000
55214.000000
59633.000000
