0.000000
0.000000
0.000000
0.000000
0.000000
0.000000
0.000000
0.000000
0.000000
0.000000
0.000000
0.000000
0.000000
0.000000
0.000000
0.000000
0.000000
0.000000
0.000000
0.000000
0.000000
0.000000
0.000000
0.000000
0.000000
0.000000
0.000000
0.000000
0.000000
0.000000
0.000000
0.000000
0.000000
0.000000
0.000000
0.000000
0.000000
0.000000
0.000000
0.000000
0.000000
0.000000
0.000000
0.000000
0.000000
0.000000
0.000000
0.000000
8881585.000000
1666022.000000
53949.000000
22557.000000
13832.000000
97643.000000
173053.000000
46651.000000
86756.000000
461826.000000
35253.000000
109616.000000
72923.000000
96440.000000
55119.000000
80855.000000
315272.000000
511061.000000
270315.000000
62192.000000
25229.000000
305362.000000
11759.000000
2121199.000000
954423.000000
919395.000000
23735.000000
64600.000000
211405.000000
570827.000000
163688.000000
71301.000000
45697.000000
149117.000000
767792.000000
37607.000000
61552.000000
174194.000000
117270.000000
67432.000000
112799.000000
276823.000000
112219.000000
136393.000000
41635.000000
231512.000000
365218.000000
1048678.000000
179677.000000
200131.000000
245962.000000
157430.000000
482010.000000
33299.000000
331930.000000
236844.000000
214276.000000
94212.000000
179324.000000
843670.000000
125479.000000
67034.000000
83602.000000
80580.000000
344292.000000
754705.000000
426257.000000
72037.000000
672712.000000
199355.000000
