0.000000
0.000000
0.000000
0.000000
1419142.000000
108537.000000
188328.000000
219505.000000
66201.000000
286400.000000
37157.000000
71349.000000
304502.000000
146098.000000
264353.000000
126927.000000
78589.000000
307141.000000
252587.000000
141166.000000
193792.000000
9261.000000
43142.000000
19162.000000
161000.000000
300519.000000
240089.000000
30445.000000
29505.000000
60999.000000
120016.000000
19680.000000
31459.000000
116842.000000
39269.000000
144692.000000
47228.000000
34712.000000
20861.000000
250657.000000
266178.000000
139144.000000
65145.000000
116231.000000
80798.000000
34685.000000
34442.000000
54061.000000
270298.000000
235509.000000
67924.000000
20655.000000
10786.000000
92666.000000
144319.000000
54845.000000
74439.000000
275677.000000
40562.000000
114193.000000
71992.000000
89645.000000
52733.000000
84044.000000
158845.000000
238898.000000
206293.000000
54679.000000
29430.000000
209868.000000
11915.000000
309174.000000
216307.000000
274530.000000
20646.000000
86232.000000
150944.000000
198995.000000
136196.000000
67204.000000
31925.000000
198794.000000
299629.000000
45390.000000
67557.000000
151508.000000
115120.000000
68979.000000
113632.000000
203334.000000
92436.000000
98060.000000
40491.000000
191486.000000
204390.000000
235261.000000
150243.000000
161766.000000
165913.000000
132236.000000
261943.000000
35806.000000
233245.000000
201361.000000
180362.000000
98538.000000
146638.000000
248608.000000
98445.000000
53644.000000
69540.000000
68763.000000
213244.000000
300629.000000
243592.000000
64130.000000
289614.000000
185786.000000
