0.000000
0.000000
0.000000
0.000000
0.000000
0.000000
0.000000
0.000000
0.000000
0.000000
0.000000
0.000000
0.000000
0.000000
0.000000
0.000000
0.000000
0.000000
0.000000
0.000000
0.000000
0.000000
0.000000
0.000000
0.000000
0.000000
0.000000
0.000000
0.000000
0.000000
0.000000
0.000000
0.000000
0.000000
0.000000
0.000000
0.000000
0.000000
0.000000
0.000000
0.000000
0.000000
0.000000
0.000000
0.000000
0.000000
0.000000
0.000000
0.000000
16472911.000000
56199.000000
26348.000000
13250.000000
92702.000000
134431.000000
59618.000000
92368.000000
456466.000000
39860.000000
112088.000000
60821.000000
103095.000000
49614.000000
89269.000000
248948.000000
499959.000000
271249.000000
58578.000000
28329.000000
264844.000000
12375.000000
3373847.000000
769661.000000
778801.000000
25305.000000
56450.000000
186221.000000
541688.000000
163357.000000
72540.000000
36202.000000
159596.000000
782832.000000
27181.000000
52401.000000
171315.000000
113398.000000
57844.000000
111841.000000
246996.000000
101215.000000
118454.000000
45266.000000
282567.000000
349692.000000
1120384.000000
186234.000000
222417.000000
199016.000000
145879.000000
524090.000000
32492.000000
314114.000000
282697.000000
201660.000000
101765.000000
162019.000000
711074.000000
73612.000000
50704.000000
89047.000000
67990.000000
283083.000000
581385.000000
388048.000000
56446.000000
632133.000000
189223.000000
