0.000000
0.000000
0.000000
0.000000
0.000000
0.000000
0.000000
0.000000
0.000000
0.000000
0.000000
0.000000
0.000000
0.000000
0.000000
0.000000
0.000000
0.000000
0.000000
0.000000
0.000000
0.000000
0.000000
0.000000
0.000000
0.000000
0.000000
0.000000
0.000000
0.000000
0.000000
0.000000
0.000000
0.000000
0.000000
0.000000
0.000000
0.000000
0.000000
0.000000
0.000000
0.000000
0.000000
0.000000
0.000000
0.000000
0.000000
0.000000
0.000000
0.000000
290830.000000
16862.000000
6761.000000
47921.000000
49390.000000
31077.000000
45156.000000
55119.000000
27652.000000
46917.000000
44618.000000
50314.000000
35472.000000
53210.000000
63448.000000
54595.000000
55797.000000
48015.000000
20005.000000
52621.000000
7109.000000
60071.000000
78007.000000
66871.000000
15850.000000
38665.000000
48747.000000
66318.000000
66537.000000
42314.000000
28440.000000
54849.000000
61320.000000
27997.000000
40124.000000
54634.000000
51789.000000
36905.000000
53091.000000
69591.000000
45124.000000
50290.000000
27920.000000
53609.000000
52413.000000
66088.000000
71314.000000
70741.000000
50834.000000
60886.000000
53933.000000
24675.000000
45278.000000
61649.000000
53408.000000
55369.000000
57480.000000
58137.000000
62360.000000
30273.000000
53579.000000
47122.000000
72773.000000
55704.000000
73736.000000
34277.000000
64551.000000
50668.000000
