0.000000
0.000000
0.000000
0.000000
0.000000
0.000000
0.000000
0.000000
0.000000
0.000000
0.000000
0.000000
0.000000
0.000000
0.000000
0.000000
0.000000
0.000000
0.000000
0.000000
0.000000
0.000000
0.000000
0.000000
0.000000
0.000000
0.000000
0.000000
0.000000
0.000000
0.000000
0.000000
0.000000
0.000000
0.000000
0.000000
0.000000
0.000000
0.000000
0.000000
0.000000
0.000000
0.000000
0.000000
0.000000
0.000000
0.000000
0.000000
0.000000
0.000000
0.000000
111825.000000
11727.000000
17389.000000
23933.000000
18237.000000
21214.000000
24319.000000
22724.000000
20601.000000
22505.000000
26184.000000
18014.000000
22153.000000
17830.000000
22536.000000
24704.000000
16917.000000
18238.000000
22674.000000
6993.000000
26104.000000
21174.000000
24198.000000
17299.000000
17521.000000
20302.000000
23489.000000
18787.000000
27340.000000
16930.000000
23684.000000
24260.000000
14079.000000
20096.000000
31626.000000
23601.000000
16224.000000
25444.000000
19657.000000
15641.000000
20516.000000
17446.000000
25987.000000
21707.000000
27572.000000
19845.000000
18507.000000
18362.000000
23274.000000
31980.000000
16471.000000
20970.000000
24746.000000
25869.000000
22496.000000
20571.000000
20697.000000
15640.000000
17534.000000
20116.000000
19761.000000
17880.000000
21057.000000
19885.000000
19877.000000
29119.000000
27749.000000
