0.000000
0.000000
0.000000
0.000000
0.000000
0.000000
0.000000
0.000000
0.000000
0.000000
0.000000
0.000000
0.000000
0.000000
0.000000
0.000000
0.000000
0.000000
0.000000
0.000000
0.000000
0.000000
0.000000
0.000000
0.000000
0.000000
0.000000
0.000000
0.000000
0.000000
0.000000
0.000000
0.000000
0.000000
0.000000
0.000000
0.000000
0.000000
0.000000
0.000000
0.000000
0.000000
0.000000
0.000000
0.000000
0.000000
0.000000
0.000000
0.000000
0.000000
0.000000
0.000000
57414.000000
10985.000000
10321.000000
16163.000000
14058.000000
14284.000000
11048.000000
12797.000000
14456.000000
12858.000000
11382.000000
14884.000000
9196.000000
15550.000000
11512.000000
9640.000000
15930.000000
14615.000000
6147.000000
15651.000000
14249.000000
13694.000000
11954.000000
10537.000000
10871.000000
15350.000000
13081.000000
10308.000000
13067.000000
13261.000000
11989.000000
12606.000000
9687.000000
13894.000000
12616.000000
9826.000000
11469.000000
11917.000000
9792.000000
7356.000000
12119.000000
12252.000000
14260.000000
14667.000000
12888.000000
11684.000000
14493.000000
9833.000000
12393.000000
9892.000000
12209.000000
12507.000000
10867.000000
12603.000000
12631.000000
12403.000000
8430.000000
9695.000000
11142.000000
13669.000000
13746.000000
12064.000000
11873.000000
11036.000000
11467.000000
13658.000000
