0.000000
0.000000
0.000000
0.000000
0.000000
0.000000
0.000000
0.000000
0.000000
0.000000
0.000000
0.000000
0.000000
0.000000
0.000000
0.000000
0.000000
0.000000
0.000000
0.000000
0.000000
0.000000
0.000000
0.000000
0.000000
0.000000
0.000000
0.000000
0.000000
0.000000
0.000000
0.000000
0.000000
0.000000
0.000000
0.000000
0.000000
0.000000
0.000000
0.000000
0.000000
0.000000
0.000000
0.000000
0.000000
0.000000
0.000000
0.000000
0.000000
0.000000
0.000000
0.000000
0.000000
505521.000000
81326.000000
45858.000000
77659.000000
92724.000000
41058.000000
76462.000000
70119.000000
65446.000000
44512.000000
65607.000000
73338.000000
80785.000000
96644.000000
61149.000000
16881.000000
107642.000000
7122.000000
115773.000000
101048.000000
109188.000000
19191.000000
30124.000000
82422.000000
101982.000000
85690.000000
46633.000000
35896.000000
91116.000000
99867.000000
23304.000000
55431.000000
72577.000000
53129.000000
29454.000000
59778.000000
82097.000000
103695.000000
85686.000000
35499.000000
77023.000000
115037.000000
109777.000000
98966.000000
89833.000000
94052.000000
79562.000000
113307.000000
23592.000000
96383.000000
106483.000000
93926.000000
58894.000000
124313.000000
107629.000000
50994.000000
45129.000000
38621.000000
60844.000000
112927.000000
118400.000000
110107.000000
26493.000000
112338.000000
103865.000000
