0.000000
0.000000
0.000000
0.000000
0.000000
0.000000
0.000000
0.000000
0.000000
0.000000
0.000000
0.000000
0.000000
0.000000
0.000000
0.000000
0.000000
0.000000
0.000000
0.000000
0.000000
0.000000
0.000000
0.000000
0.000000
0.000000
0.000000
0.000000
0.000000
0.000000
0.000000
0.000000
0.000000
0.000000
0.000000
0.000000
0.000000
0.000000
0.000000
0.000000
0.000000
0.000000
0.000000
0.000000
0.000000
0.000000
0.000000
0.000000
0.000000
0.000000
0.000000
0.000000
0.000000
0.000000
617388.000000
39992.000000
70337.000000
134934.000000
37112.000000
77594.000000
60168.000000
71678.000000
42382.000000
72859.000000
120759.000000
119720.000000
138084.000000
51698.000000
25097.000000
114487.000000
12267.000000
140053.000000
125290.000000
133054.000000
19547.000000
39226.000000
117561.000000
102905.000000
95452.000000
59779.000000
30113.000000
98571.000000
153780.000000
24395.000000
54265.000000
121443.000000
74752.000000
55758.000000
73379.000000
100097.000000
80554.000000
72809.000000
37644.000000
110956.000000
142619.000000
137548.000000
90042.000000
81797.000000
119468.000000
86494.000000
137374.000000
26881.000000
145150.000000
113228.000000
91052.000000
80555.000000
107717.000000
108709.000000
70517.000000
50080.000000
73118.000000
56100.000000
123534.000000
123791.000000
112229.000000
47231.000000
126881.000000
119077.000000
