0.000000
0.000000
0.000000
0.000000
0.000000
0.000000
0.000000
0.000000
0.000000
0.000000
0.000000
0.000000
0.000000
0.000000
0.000000
0.000000
0.000000
0.000000
0.000000
0.000000
0.000000
0.000000
0.000000
0.000000
0.000000
0.000000
0.000000
0.000000
0.000000
0.000000
0.000000
0.000000
0.000000
0.000000
0.000000
0.000000
0.000000
0.000000
0.000000
0.000000
0.000000
0.000000
0.000000
0.000000
0.000000
0.000000
0.000000
0.000000
0.000000
0.000000
0.000000
0.000000
0.000000
0.000000
0.000000
243291.000000
50028.000000
62322.000000
36571.000000
52766.000000
39962.000000
48706.000000
31432.000000
58068.000000
43250.000000
55181.000000
53594.000000
44793.000000
33884.000000
38980.000000
11982.000000
59380.000000
51316.000000
53840.000000
19644.000000
32808.000000
45594.000000
65263.000000
52032.000000
42591.000000
31555.000000
49542.000000
46550.000000
22370.000000
41308.000000
41593.000000
48220.000000
21757.000000
49643.000000
48401.000000
48558.000000
33207.000000
30008.000000
51324.000000
56459.000000
60411.000000
59108.000000
55867.000000
45504.000000
44366.000000
63654.000000
22684.000000
54503.000000
54838.000000
51444.000000
45174.000000
53889.000000
55978.000000
18966.000000
39991.000000
41095.000000
48208.000000
44777.000000
47925.000000
47175.000000
30459.000000
55763.000000
54043.000000
