0.000000
0.000000
0.000000
0.000000
0.000000
0.000000
0.000000
0.000000
0.000000
0.000000
0.000000
0.000000
0.000000
0.000000
0.000000
0.000000
0.000000
0.000000
0.000000
0.000000
0.000000
0.000000
0.000000
0.000000
0.000000
0.000000
0.000000
0.000000
0.000000
0.000000
0.000000
0.000000
0.000000
0.000000
0.000000
0.000000
0.000000
0.000000
0.000000
0.000000
0.000000
0.000000
0.000000
0.000000
0.000000
0.000000
0.000000
0.000000
0.000000
0.000000
0.000000
0.000000
0.000000
0.000000
0.000000
0.000000
411385.000000
96810.000000
35200.000000
75979.000000
60257.000000
73901.000000
43365.000000
66966.000000
74399.000000
76399.000000
76001.000000
50926.000000
25001.000000
74976.000000
10527.000000
99959.000000
81130.000000
113252.000000
20556.000000
52507.000000
69531.000000
79501.000000
72803.000000
58258.000000
38769.000000
75522.000000
93392.000000
29700.000000
52611.000000
84843.000000
70655.000000
32622.000000
71974.000000
76308.000000
62462.000000
62716.000000
39482.000000
82180.000000
92954.000000
87244.000000
92897.000000
84414.000000
72809.000000
83036.000000
108944.000000
32766.000000
100518.000000
77085.000000
89731.000000
63507.000000
86804.000000
77030.000000
37338.000000
44145.000000
58965.000000
72489.000000
84459.000000
85818.000000
88069.000000
47085.000000
87367.000000
68961.000000
