0.000000
0.000000
0.000000
0.000000
0.000000
0.000000
0.000000
0.000000
0.000000
0.000000
0.000000
0.000000
0.000000
0.000000
0.000000
0.000000
0.000000
0.000000
0.000000
0.000000
0.000000
0.000000
0.000000
0.000000
0.000000
0.000000
0.000000
0.000000
0.000000
0.000000
0.000000
0.000000
0.000000
0.000000
0.000000
0.000000
0.000000
0.000000
0.000000
0.000000
0.000000
0.000000
0.000000
0.000000
0.000000
0.000000
0.000000
0.000000
0.000000
0.000000
0.000000
0.000000
0.000000
0.000000
0.000000
0.000000
0.000000
2300613.000000
37496.000000
123804.000000
73503.000000
119070.000000
65762.000000
73384.000000
255705.000000
376080.000000
257399.000000
59622.000000
30726.000000
201734.000000
12585.000000
453396.000000
353516.000000
472904.000000
22246.000000
57725.000000
179591.000000
388217.000000
157859.000000
67874.000000
36167.000000
142599.000000
388083.000000
33918.000000
62993.000000
212602.000000
93198.000000
42278.000000
93626.000000
254586.000000
96119.000000
140531.000000
35284.000000
232611.000000
297654.000000
428340.000000
175743.000000
182555.000000
189255.000000
141593.000000
419308.000000
33256.000000
335202.000000
227727.000000
207516.000000
95696.000000
196315.000000
395547.000000
84818.000000
48693.000000
82205.000000
79794.000000
326947.000000
496790.000000
422545.000000
38672.000000
383738.000000
218834.000000
