0.000000
0.000000
0.000000
0.000000
0.000000
0.000000
0.000000
0.000000
0.000000
0.000000
0.000000
0.000000
0.000000
0.000000
0.000000
0.000000
0.000000
0.000000
0.000000
0.000000
0.000000
0.000000
0.000000
0.000000
0.000000
0.000000
0.000000
0.000000
0.000000
0.000000
0.000000
0.000000
0.000000
0.000000
0.000000
0.000000
0.000000
0.000000
0.000000
0.000000
0.000000
0.000000
0.000000
0.000000
0.000000
0.000000
0.000000
0.000000
0.000000
0.000000
0.000000
0.000000
0.000000
0.000000
0.000000
0.000000
0.000000
0.000000
170523.000000
40626.000000
31974.000000
42422.000000
28198.000000
36480.000000
35800.000000
35614.000000
37693.000000
28556.000000
21399.000000
32937.000000
9175.000000
50502.000000
37583.000000
47223.000000
18288.000000
25570.000000
38832.000000
39943.000000
39105.000000
34162.000000
24767.000000
31505.000000
38214.000000
15430.000000
32631.000000
33525.000000
30235.000000
16061.000000
41918.000000
33421.000000
25234.000000
17211.000000
31507.000000
46330.000000
47199.000000
43281.000000
32562.000000
39998.000000
35055.000000
38187.000000
38247.000000
21714.000000
35876.000000
41937.000000
37396.000000
45673.000000
26808.000000
30937.000000
10765.000000
35967.000000
42120.000000
31682.000000
36977.000000
36463.000000
36903.000000
24428.000000
46328.000000
36661.000000
