0.000000
0.000000
0.000000
0.000000
0.000000
571758.000000
118062.000000
112166.000000
46475.000000
118591.000000
48476.000000
66378.000000
122063.000000
87381.000000
115721.000000
76054.000000
75328.000000
95056.000000
93994.000000
87345.000000
98542.000000
10429.000000
42691.000000
14122.000000
117340.000000
120904.000000
102083.000000
25284.000000
32511.000000
48254.000000
81845.000000
17822.000000
23417.000000
77147.000000
36968.000000
86557.000000
44027.000000
30437.000000
20004.000000
98842.000000
120492.000000
94371.000000
64170.000000
86356.000000
78614.000000
35807.000000
26462.000000
37979.000000
128327.000000
111571.000000
44916.000000
19217.000000
14231.000000
81912.000000
81648.000000
57845.000000
65535.000000
102391.000000
34836.000000
93619.000000
71336.000000
88725.000000
48345.000000
82975.000000
79495.000000
99217.000000
120088.000000
51017.000000
34299.000000
110597.000000
15723.000000
140310.000000
97929.000000
126128.000000
22668.000000
62014.000000
113253.000000
95875.000000
87688.000000
56004.000000
32423.000000
98394.000000
136489.000000
32127.000000
63455.000000
94298.000000
83963.000000
49710.000000
86646.000000
86989.000000
80477.000000
70148.000000
33384.000000
108603.000000
110521.000000
130166.000000
101059.000000
89992.000000
92130.000000
89632.000000
124061.000000
28257.000000
128629.000000
96485.000000
87963.000000
72481.000000
99785.000000
108454.000000
69293.000000
35718.000000
66437.000000
66611.000000
113826.000000
131609.000000
118003.000000
48512.000000
122759.000000
103421.000000
