0.000000
0.000000
0.000000
0.000000
0.000000
0.000000
0.000000
0.000000
0.000000
0.000000
0.000000
0.000000
0.000000
0.000000
0.000000
0.000000
0.000000
0.000000
0.000000
0.000000
0.000000
0.000000
0.000000
0.000000
0.000000
0.000000
0.000000
0.000000
0.000000
0.000000
0.000000
0.000000
0.000000
0.000000
0.000000
0.000000
0.000000
0.000000
0.000000
0.000000
0.000000
0.000000
0.000000
0.000000
0.000000
0.000000
0.000000
0.000000
0.000000
0.000000
0.000000
0.000000
0.000000
0.000000
0.000000
0.000000
0.000000
0.000000
0.000000
521684.000000
51487.000000
86408.000000
53383.000000
66630.000000
94188.000000
114465.000000
101589.000000
44942.000000
33132.000000
102923.000000
11207.000000
113585.000000
117584.000000
117101.000000
15603.000000
60789.000000
88946.000000
98149.000000
94467.000000
57789.000000
34857.000000
78894.000000
106636.000000
29906.000000
57621.000000
104548.000000
79287.000000
58605.000000
74533.000000
103700.000000
79014.000000
60334.000000
38042.000000
113328.000000
113050.000000
105563.000000
90506.000000
71154.000000
91486.000000
91864.000000
109321.000000
28827.000000
100186.000000
88650.000000
89788.000000
77065.000000
94884.000000
92614.000000
53094.000000
50060.000000
58541.000000
70988.000000
77293.000000
99659.000000
79258.000000
45739.000000
98389.000000
102262.000000
