0.000000
0.000000
0.000000
0.000000
0.000000
0.000000
0.000000
0.000000
0.000000
0.000000
0.000000
0.000000
0.000000
0.000000
0.000000
0.000000
0.000000
0.000000
0.000000
0.000000
0.000000
0.000000
0.000000
0.000000
0.000000
0.000000
0.000000
0.000000
0.000000
0.000000
0.000000
0.000000
0.000000
0.000000
0.000000
0.000000
0.000000
0.000000
0.000000
0.000000
0.000000
0.000000
0.000000
0.000000
0.000000
0.000000
0.000000
0.000000
0.000000
0.000000
0.000000
0.000000
0.000000
0.000000
0.000000
0.000000
0.000000
0.000000
0.000000
0.000000
303439.000000
56464.000000
43859.000000
54603.000000
49321.000000
52923.000000
61367.000000
59293.000000
33601.000000
61752.000000
11666.000000
78824.000000
47484.000000
77730.000000
16863.000000
32849.000000
64427.000000
67337.000000
52221.000000
43763.000000
28020.000000
56800.000000
73026.000000
24024.000000
43794.000000
65800.000000
60368.000000
21674.000000
58243.000000
52578.000000
53662.000000
39425.000000
31066.000000
59409.000000
60112.000000
61906.000000
59084.000000
65948.000000
57631.000000
61623.000000
66248.000000
27741.000000
63877.000000
54865.000000
48729.000000
47806.000000
68110.000000
60996.000000
43144.000000
47521.000000
39349.000000
54110.000000
60470.000000
61860.000000
65492.000000
22299.000000
60843.000000
51930.000000
