0.000000
0.000000
0.000000
0.000000
0.000000
0.000000
0.000000
0.000000
0.000000
0.000000
0.000000
0.000000
0.000000
0.000000
0.000000
0.000000
0.000000
0.000000
0.000000
0.000000
0.000000
0.000000
0.000000
0.000000
0.000000
0.000000
0.000000
0.000000
0.000000
0.000000
0.000000
0.000000
0.000000
0.000000
0.000000
0.000000
0.000000
0.000000
0.000000
0.000000
0.000000
0.000000
0.000000
0.000000
0.000000
0.000000
0.000000
0.000000
0.000000
0.000000
0.000000
0.000000
0.000000
0.000000
0.000000
0.000000
0.000000
0.000000
0.000000
0.000000
0.000000
484985.000000
57056.000000
70909.000000
95442.000000
111619.000000
93633.000000
57315.000000
27955.000000
90307.000000
10844.000000
92592.000000
104893.000000
122813.000000
21636.000000
38394.000000
82912.000000
103484.000000
76685.000000
56115.000000
41110.000000
81657.000000
116889.000000
27150.000000
61375.000000
121706.000000
60423.000000
47831.000000
68405.000000
99167.000000
75358.000000
69097.000000
33183.000000
89372.000000
99340.000000
106120.000000
94946.000000
97332.000000
94998.000000
92653.000000
112864.000000
28824.000000
117009.000000
90330.000000
69999.000000
77475.000000
85509.000000
112228.000000
55271.000000
41924.000000
52534.000000
64269.000000
89341.000000
118843.000000
104845.000000
51867.000000
96316.000000
120459.000000
