0.000000
0.000000
0.000000
0.000000
0.000000
0.000000
0.000000
0.000000
0.000000
0.000000
0.000000
0.000000
0.000000
0.000000
0.000000
0.000000
0.000000
0.000000
0.000000
0.000000
0.000000
0.000000
0.000000
0.000000
0.000000
0.000000
0.000000
0.000000
0.000000
0.000000
0.000000
0.000000
0.000000
0.000000
0.000000
0.000000
0.000000
0.000000
0.000000
0.000000
0.000000
0.000000
0.000000
0.000000
0.000000
0.000000
0.000000
0.000000
0.000000
0.000000
0.000000
0.000000
0.000000
0.000000
0.000000
0.000000
0.000000
0.000000
0.000000
0.000000
0.000000
0.000000
266435.000000
47053.000000
52982.000000
55901.000000
51307.000000
35694.000000
28337.000000
45183.000000
5308.000000
60631.000000
62999.000000
56779.000000
22344.000000
49254.000000
50060.000000
54882.000000
48448.000000
45844.000000
32983.000000
64184.000000
58700.000000
29395.000000
38711.000000
53504.000000
55022.000000
47070.000000
52516.000000
64142.000000
46463.000000
48168.000000
36241.000000
48415.000000
50740.000000
58726.000000
51333.000000
53367.000000
47657.000000
55128.000000
54379.000000
32033.000000
64735.000000
54402.000000
44994.000000
34566.000000
47808.000000
57583.000000
48679.000000
30139.000000
43632.000000
41424.000000
46522.000000
51124.000000
47697.000000
43497.000000
57787.000000
51580.000000
