0.000000
0.000000
0.000000
0.000000
0.000000
0.000000
0.000000
0.000000
0.000000
0.000000
0.000000
0.000000
0.000000
0.000000
0.000000
0.000000
0.000000
0.000000
0.000000
0.000000
0.000000
0.000000
0.000000
0.000000
0.000000
0.000000
0.000000
0.000000
0.000000
0.000000
0.000000
0.000000
0.000000
0.000000
0.000000
0.000000
0.000000
0.000000
0.000000
0.000000
0.000000
0.000000
0.000000
0.000000
0.000000
0.000000
0.000000
0.000000
0.000000
0.000000
0.000000
0.000000
0.000000
0.000000
0.000000
0.000000
0.000000
0.000000
0.000000
0.000000
0.000000
0.000000
0.000000
413610.000000
69576.000000
83071.000000
80708.000000
52616.000000
26922.000000
78023.000000
9609.000000
104290.000000
87034.000000
96079.000000
24083.000000
54636.000000
74083.000000
75764.000000
83890.000000
53379.000000
32582.000000
85317.000000
88664.000000
25932.000000
50790.000000
82577.000000
73269.000000
26254.000000
67136.000000
73443.000000
60310.000000
61178.000000
44276.000000
87839.000000
79039.000000
84028.000000
78242.000000
86831.000000
66405.000000
95166.000000
79276.000000
29779.000000
90142.000000
82172.000000
78613.000000
64687.000000
80665.000000
78901.000000
36405.000000
38068.000000
61275.000000
57901.000000
92327.000000
77802.000000
70591.000000
34224.000000
93817.000000
75732.000000
