0.000000
0.000000
0.000000
0.000000
0.000000
0.000000
0.000000
0.000000
0.000000
0.000000
0.000000
0.000000
0.000000
0.000000
0.000000
0.000000
0.000000
0.000000
0.000000
0.000000
0.000000
0.000000
0.000000
0.000000
0.000000
0.000000
0.000000
0.000000
0.000000
0.000000
0.000000
0.000000
0.000000
0.000000
0.000000
0.000000
0.000000
0.000000
0.000000
0.000000
0.000000
0.000000
0.000000
0.000000
0.000000
0.000000
0.000000
0.000000
0.000000
0.000000
0.000000
0.000000
0.000000
0.000000
0.000000
0.000000
0.000000
0.000000
0.000000
0.000000
0.000000
0.000000
0.000000
0.000000
1278199.000000
220804.000000
205385.000000
40251.000000
24945.000000
186561.000000
9643.000000
264457.000000
254494.000000
281162.000000
22264.000000
41884.000000
148181.000000
207539.000000
107427.000000
64470.000000
28767.000000
132467.000000
228648.000000
42491.000000
46461.000000
130783.000000
81914.000000
46893.000000
69184.000000
180043.000000
90069.000000
89267.000000
31712.000000
156556.000000
175291.000000
210993.000000
120982.000000
103422.000000
195634.000000
118422.000000
201068.000000
24102.000000
219134.000000
184121.000000
169489.000000
81867.000000
115252.000000
258369.000000
38501.000000
51000.000000
54868.000000
63544.000000
210668.000000
279097.000000
260513.000000
47587.000000
263286.000000
140634.000000
