0.000000
0.000000
0.000000
0.000000
0.000000
0.000000
0.000000
0.000000
0.000000
0.000000
0.000000
0.000000
0.000000
0.000000
0.000000
0.000000
0.000000
0.000000
0.000000
0.000000
0.000000
0.000000
0.000000
0.000000
0.000000
0.000000
0.000000
0.000000
0.000000
0.000000
0.000000
0.000000
0.000000
0.000000
0.000000
0.000000
0.000000
0.000000
0.000000
0.000000
0.000000
0.000000
0.000000
0.000000
0.000000
0.000000
0.000000
0.000000
0.000000
0.000000
0.000000
0.000000
0.000000
0.000000
0.000000
0.000000
0.000000
0.000000
0.000000
0.000000
0.000000
0.000000
0.000000
0.000000
0.000000
2440535.000000
261067.000000
63287.000000
31022.000000
278401.000000
11151.000000
514705.000000
472389.000000
519870.000000
22857.000000
52250.000000
150618.000000
396939.000000
146354.000000
75675.000000
31501.000000
185006.000000
466857.000000
34156.000000
51812.000000
171578.000000
103948.000000
76112.000000
103751.000000
307178.000000
100697.000000
153050.000000
35282.000000
240802.000000
294939.000000
472703.000000
171907.000000
186581.000000
210291.000000
137690.000000
394423.000000
30982.000000
341984.000000
206098.000000
182608.000000
107529.000000
164316.000000
429404.000000
113187.000000
46974.000000
85869.000000
76833.000000
285294.000000
417209.000000
330639.000000
69788.000000
444281.000000
164111.000000
