0.000000
0.000000
0.000000
0.000000
0.000000
0.000000
0.000000
0.000000
0.000000
0.000000
0.000000
0.000000
0.000000
0.000000
0.000000
0.000000
0.000000
0.000000
0.000000
0.000000
0.000000
0.000000
0.000000
0.000000
0.000000
0.000000
0.000000
0.000000
0.000000
0.000000
0.000000
0.000000
0.000000
0.000000
0.000000
0.000000
0.000000
0.000000
0.000000
0.000000
0.000000
0.000000
0.000000
0.000000
0.000000
0.000000
0.000000
0.000000
0.000000
0.000000
0.000000
0.000000
0.000000
0.000000
0.000000
0.000000
0.000000
0.000000
0.000000
0.000000
0.000000
0.000000
0.000000
0.000000
0.000000
0.000000
1330823.000000
65976.000000
28971.000000
191060.000000
12875.000000
272677.000000
268949.000000
284518.000000
27721.000000
62253.000000
143071.000000
233966.000000
157514.000000
71091.000000
28159.000000
126501.000000
259500.000000
33750.000000
52181.000000
178298.000000
101163.000000
61187.000000
104695.000000
218657.000000
116635.000000
117623.000000
38050.000000
223529.000000
243352.000000
270425.000000
156168.000000
174380.000000
193239.000000
134813.000000
265298.000000
32678.000000
230221.000000
222738.000000
189899.000000
90784.000000
148132.000000
264509.000000
79765.000000
44208.000000
79086.000000
71727.000000
234159.000000
265267.000000
254316.000000
66639.000000
251949.000000
172309.000000
