0.000000
0.000000
0.000000
0.000000
0.000000
0.000000
0.000000
0.000000
0.000000
0.000000
0.000000
0.000000
0.000000
0.000000
0.000000
0.000000
0.000000
0.000000
0.000000
0.000000
0.000000
0.000000
0.000000
0.000000
0.000000
0.000000
0.000000
0.000000
0.000000
0.000000
0.000000
0.000000
0.000000
0.000000
0.000000
0.000000
0.000000
0.000000
0.000000
0.000000
0.000000
0.000000
0.000000
0.000000
0.000000
0.000000
0.000000
0.000000
0.000000
0.000000
0.000000
0.000000
0.000000
0.000000
0.000000
0.000000
0.000000
0.000000
0.000000
0.000000
0.000000
0.000000
0.000000
0.000000
0.000000
0.000000
0.000000
278692.000000
16576.000000
66378.000000
10087.000000
59531.000000
61832.000000
63493.000000
23742.000000
29970.000000
57669.000000
60644.000000
55138.000000
48453.000000
32029.000000
66414.000000
75876.000000
32725.000000
50862.000000
56590.000000
66296.000000
18187.000000
58511.000000
63794.000000
57758.000000
56591.000000
32206.000000
65208.000000
68835.000000
57152.000000
84290.000000
81406.000000
50053.000000
72886.000000
56589.000000
26553.000000
63594.000000
62653.000000
53290.000000
41522.000000
61379.000000
64674.000000
36777.000000
38698.000000
50902.000000
55241.000000
60451.000000
59610.000000
63124.000000
18941.000000
63815.000000
54660.000000
