0.000000
0.000000
0.000000
0.000000
0.000000
0.000000
0.000000
0.000000
0.000000
0.000000
0.000000
0.000000
0.000000
0.000000
0.000000
0.000000
0.000000
0.000000
0.000000
0.000000
0.000000
0.000000
0.000000
0.000000
0.000000
0.000000
0.000000
0.000000
0.000000
0.000000
0.000000
0.000000
0.000000
0.000000
0.000000
0.000000
0.000000
0.000000
0.000000
0.000000
0.000000
0.000000
0.000000
0.000000
0.000000
0.000000
0.000000
0.000000
0.000000
0.000000
0.000000
0.000000
0.000000
0.000000
0.000000
0.000000
0.000000
0.000000
0.000000
0.000000
0.000000
0.000000
0.000000
0.000000
0.000000
0.000000
0.000000
0.000000
135876.000000
30994.000000
11049.000000
29084.000000
29146.000000
31650.000000
18312.000000
28233.000000
27377.000000
31459.000000
24266.000000
27862.000000
21558.000000
27649.000000
29548.000000
23213.000000
23235.000000
25285.000000
23428.000000
19050.000000
31231.000000
32219.000000
22952.000000
15849.000000
23259.000000
25231.000000
31804.000000
31435.000000
29568.000000
34313.000000
20627.000000
24825.000000
30516.000000
20395.000000
28509.000000
25133.000000
25693.000000
26421.000000
31139.000000
28881.000000
21896.000000
19628.000000
30319.000000
24043.000000
23482.000000
29324.000000
25302.000000
20395.000000
25117.000000
27221.000000
