0.000000
0.000000
0.000000
0.000000
0.000000
0.000000
1775036.000000
250977.000000
65618.000000
318059.000000
36677.000000
58517.000000
338408.000000
241678.000000
347948.000000
110591.000000
73946.000000
329576.000000
374394.000000
135653.000000
171382.000000
9038.000000
41229.000000
15797.000000
170589.000000
331165.000000
204898.000000
38204.000000
28689.000000
69145.000000
100636.000000
9434.000000
20954.000000
102304.000000
30613.000000
82297.000000
34720.000000
23497.000000
24319.000000
286687.000000
368873.000000
152223.000000
52236.000000
120143.000000
76886.000000
32985.000000
28858.000000
46179.000000
371862.000000
308399.000000
54979.000000
23041.000000
12952.000000
91716.000000
104260.000000
46736.000000
75933.000000
352521.000000
50533.000000
121377.000000
67817.000000
103813.000000
61961.000000
75393.000000
237133.000000
290206.000000
197954.000000
52010.000000
27007.000000
198943.000000
10116.000000
311261.000000
311737.000000
400623.000000
24016.000000
58037.000000
146482.000000
355911.000000
123014.000000
62669.000000
43298.000000
181023.000000
345266.000000
36420.000000
62234.000000
178192.000000
111051.000000
73624.000000
110118.000000
267178.000000
88530.000000
89166.000000
43959.000000
181676.000000
230790.000000
359969.000000
132066.000000
148484.000000
178724.000000
125046.000000
325994.000000
29283.000000
268851.000000
196495.000000
146553.000000
87393.000000
161238.000000
306687.000000
116897.000000
54999.000000
86233.000000
62304.000000
218912.000000
316509.000000
310270.000000
73768.000000
364033.000000
205094.000000
