0.000000
0.000000
0.000000
0.000000
0.000000
0.000000
0.000000
0.000000
0.000000
0.000000
0.000000
0.000000
0.000000
0.000000
0.000000
0.000000
0.000000
0.000000
0.000000
0.000000
0.000000
0.000000
0.000000
0.000000
0.000000
0.000000
0.000000
0.000000
0.000000
0.000000
0.000000
0.000000
0.000000
0.000000
0.000000
0.000000
0.000000
0.000000
0.000000
0.000000
0.000000
0.000000
0.000000
0.000000
0.000000
0.000000
0.000000
0.000000
0.000000
0.000000
0.000000
0.000000
0.000000
0.000000
0.000000
0.000000
0.000000
0.000000
0.000000
0.000000
0.000000
0.000000
0.000000
0.000000
0.000000
0.000000
0.000000
0.000000
0.000000
1462913.000000
11307.000000
251216.000000
256194.000000
281104.000000
21076.000000
48883.000000
150286.000000
245323.000000
106370.000000
56870.000000
33373.000000
135495.000000
298402.000000
29033.000000
53128.000000
140025.000000
108535.000000
61398.000000
99410.000000
175551.000000
95517.000000
117496.000000
33351.000000
184687.000000
238438.000000
270828.000000
136258.000000
162435.000000
185991.000000
101897.000000
257336.000000
22266.000000
237697.000000
186260.000000
154656.000000
68815.000000
165395.000000
281308.000000
106545.000000
42619.000000
73004.000000
68532.000000
216258.000000
276665.000000
250900.000000
54879.000000
245944.000000
135373.000000
