0.000000
0.000000
0.000000
0.000000
0.000000
0.000000
0.000000
0.000000
0.000000
0.000000
0.000000
0.000000
0.000000
0.000000
0.000000
0.000000
0.000000
0.000000
0.000000
0.000000
0.000000
0.000000
0.000000
0.000000
0.000000
0.000000
0.000000
0.000000
0.000000
0.000000
0.000000
0.000000
0.000000
0.000000
0.000000
0.000000
0.000000
0.000000
0.000000
0.000000
0.000000
0.000000
0.000000
0.000000
0.000000
0.000000
0.000000
0.000000
0.000000
0.000000
0.000000
0.000000
0.000000
0.000000
0.000000
0.000000
0.000000
0.000000
0.000000
0.000000
0.000000
0.000000
0.000000
0.000000
0.000000
0.000000
0.000000
0.000000
0.000000
0.000000
57493.000000
13103.000000
11007.000000
13690.000000
8148.000000
10266.000000
10351.000000
11680.000000
11062.000000
11113.000000
9260.000000
10618.000000
14614.000000
10675.000000
13220.000000
12839.000000
11413.000000
12311.000000
11022.000000
11266.000000
10624.000000
10136.000000
14402.000000
11532.000000
11332.000000
13931.000000
11854.000000
12987.000000
9653.000000
12034.000000
15010.000000
10042.000000
15723.000000
13852.000000
12879.000000
10608.000000
10124.000000
9344.000000
7143.000000
8110.000000
7288.000000
11939.000000
12539.000000
11538.000000
13111.000000
8885.000000
12244.000000
13526.000000
