0.000000
0.000000
0.000000
0.000000
0.000000
0.000000
0.000000
0.000000
0.000000
0.000000
0.000000
0.000000
0.000000
0.000000
0.000000
0.000000
0.000000
0.000000
0.000000
0.000000
0.000000
0.000000
0.000000
0.000000
0.000000
0.000000
0.000000
0.000000
0.000000
0.000000
0.000000
0.000000
0.000000
0.000000
0.000000
0.000000
0.000000
0.000000
0.000000
0.000000
0.000000
0.000000
0.000000
0.000000
0.000000
0.000000
0.000000
0.000000
0.000000
0.000000
0.000000
0.000000
0.000000
0.000000
0.000000
0.000000
0.000000
0.000000
0.000000
0.000000
0.000000
0.000000
0.000000
0.000000
0.000000
0.000000
0.000000
0.000000
0.000000
0.000000
0.000000
24012780.000000
789609.000000
825334.000000
21073.000000
63944.000000
175353.000000
502314.000000
152050.000000
65455.000000
29797.000000
157382.000000
726415.000000
28659.000000
55598.000000
184737.000000
120260.000000
69937.000000
105411.000000
254291.000000
110769.000000
113654.000000
42897.000000
263497.000000
387503.000000
1188633.000000
154076.000000
182860.000000
220878.000000
147050.000000
560599.000000
27478.000000
329247.000000
251177.000000
197993.000000
95307.000000
152131.000000
638677.000000
68687.000000
55342.000000
84347.000000
74548.000000
346207.000000
647911.000000
420985.000000
56519.000000
742092.000000
184639.000000
