0.000000
0.000000
0.000000
0.000000
0.000000
0.000000
0.000000
0.000000
0.000000
0.000000
0.000000
0.000000
0.000000
0.000000
0.000000
0.000000
0.000000
0.000000
0.000000
0.000000
0.000000
0.000000
0.000000
0.000000
0.000000
0.000000
0.000000
0.000000
0.000000
0.000000
0.000000
0.000000
0.000000
0.000000
0.000000
0.000000
0.000000
0.000000
0.000000
0.000000
0.000000
0.000000
0.000000
0.000000
0.000000
0.000000
0.000000
0.000000
0.000000
0.000000
0.000000
0.000000
0.000000
0.000000
0.000000
0.000000
0.000000
0.000000
0.000000
0.000000
0.000000
0.000000
0.000000
0.000000
0.000000
0.000000
0.000000
0.000000
0.000000
0.000000
0.000000
0.000000
4921629.000000
713216.000000
23844.000000
60517.000000
187557.000000
611862.000000
131256.000000
60963.000000
42522.000000
191611.000000
619223.000000
45531.000000
76637.000000
174630.000000
114484.000000
85746.000000
93922.000000
352696.000000
143727.000000
330191.000000
39044.000000
269743.000000
318706.000000
791071.000000
246185.000000
303751.000000
178301.000000
134396.000000
441428.000000
36579.000000
273979.000000
266034.000000
215797.000000
79252.000000
205376.000000
757941.000000
244176.000000
48284.000000
82391.000000
76845.000000
352031.000000
555733.000000
471636.000000
76083.000000
501640.000000
167309.000000
