0.000000
0.000000
0.000000
0.000000
0.000000
0.000000
0.000000
0.000000
0.000000
0.000000
0.000000
0.000000
0.000000
0.000000
0.000000
0.000000
0.000000
0.000000
0.000000
0.000000
0.000000
0.000000
0.000000
0.000000
0.000000
0.000000
0.000000
0.000000
0.000000
0.000000
0.000000
0.000000
0.000000
0.000000
0.000000
0.000000
0.000000
0.000000
0.000000
0.000000
0.000000
0.000000
0.000000
0.000000
0.000000
0.000000
0.000000
0.000000
0.000000
0.000000
0.000000
0.000000
0.000000
0.000000
0.000000
0.000000
0.000000
0.000000
0.000000
0.000000
0.000000
0.000000
0.000000
0.000000
0.000000
0.000000
0.000000
0.000000
0.000000
0.000000
0.000000
0.000000
0.000000
3905126.000000
30164.000000
60834.000000
170337.000000
561785.000000
151189.000000
61368.000000
43312.000000
146430.000000
693926.000000
33564.000000
64756.000000
172906.000000
113151.000000
64616.000000
95666.000000
316851.000000
115247.000000
148366.000000
41642.000000
255825.000000
383473.000000
774821.000000
208316.000000
227245.000000
242450.000000
155124.000000
526767.000000
29013.000000
289349.000000
272117.000000
223715.000000
92189.000000
175413.000000
695365.000000
125875.000000
45393.000000
85609.000000
97535.000000
302737.000000
664646.000000
423964.000000
58766.000000
617801.000000
187778.000000
