0.000000
0.000000
0.000000
0.000000
0.000000
0.000000
0.000000
0.000000
0.000000
0.000000
0.000000
0.000000
0.000000
0.000000
0.000000
0.000000
0.000000
0.000000
0.000000
0.000000
0.000000
0.000000
0.000000
0.000000
0.000000
0.000000
0.000000
0.000000
0.000000
0.000000
0.000000
0.000000
0.000000
0.000000
0.000000
0.000000
0.000000
0.000000
0.000000
0.000000
0.000000
0.000000
0.000000
0.000000
0.000000
0.000000
0.000000
0.000000
0.000000
0.000000
0.000000
0.000000
0.000000
0.000000
0.000000
0.000000
0.000000
0.000000
0.000000
0.000000
0.000000
0.000000
0.000000
0.000000
0.000000
0.000000
0.000000
0.000000
0.000000
0.000000
0.000000
0.000000
0.000000
0.000000
98540.000000
29850.000000
18098.000000
26565.000000
23644.000000
27544.000000
25767.000000
25885.000000
23121.000000
10237.000000
26761.000000
24422.000000
22239.000000
20722.000000
25399.000000
24731.000000
20487.000000
20302.000000
17254.000000
27742.000000
24854.000000
25232.000000
24246.000000
29747.000000
21267.000000
21394.000000
24918.000000
16705.000000
25208.000000
21435.000000
20999.000000
20107.000000
21371.000000
28372.000000
23922.000000
22275.000000
35871.000000
19769.000000
22640.000000
29867.000000
21226.000000
25610.000000
31487.000000
20711.000000
