0.000000
0.000000
0.000000
0.000000
0.000000
0.000000
0.000000
0.000000
0.000000
0.000000
0.000000
0.000000
0.000000
0.000000
0.000000
0.000000
0.000000
0.000000
0.000000
0.000000
0.000000
0.000000
0.000000
0.000000
0.000000
0.000000
0.000000
0.000000
0.000000
0.000000
0.000000
0.000000
0.000000
0.000000
0.000000
0.000000
0.000000
0.000000
0.000000
0.000000
0.000000
0.000000
0.000000
0.000000
0.000000
0.000000
0.000000
0.000000
0.000000
0.000000
0.000000
0.000000
0.000000
0.000000
0.000000
0.000000
0.000000
0.000000
0.000000
0.000000
0.000000
0.000000
0.000000
0.000000
0.000000
0.000000
0.000000
0.000000
0.000000
0.000000
0.000000
0.000000
0.000000
0.000000
0.000000
324416.000000
48350.000000
59346.000000
33880.000000
37211.000000
31655.000000
64489.000000
71615.000000
36458.000000
34018.000000
77935.000000
57279.000000
98765.000000
55617.000000
97599.000000
45437.000000
25197.000000
32070.000000
44657.000000
56095.000000
61810.000000
59324.000000
48093.000000
52917.000000
52725.000000
56342.000000
23421.000000
68639.000000
59550.000000
46052.000000
50973.000000
66325.000000
62951.000000
76439.000000
43795.000000
73736.000000
54512.000000
64626.000000
73681.000000
86995.000000
119541.000000
76839.000000
69542.000000
