0.000000
0.000000
0.000000
0.000000
0.000000
0.000000
0.000000
0.000000
0.000000
0.000000
0.000000
0.000000
0.000000
0.000000
0.000000
0.000000
0.000000
0.000000
0.000000
0.000000
0.000000
0.000000
0.000000
0.000000
0.000000
0.000000
0.000000
0.000000
0.000000
0.000000
0.000000
0.000000
0.000000
0.000000
0.000000
0.000000
0.000000
0.000000
0.000000
0.000000
0.000000
0.000000
0.000000
0.000000
0.000000
0.000000
0.000000
0.000000
0.000000
0.000000
0.000000
0.000000
0.000000
0.000000
0.000000
0.000000
0.000000
0.000000
0.000000
0.000000
0.000000
0.000000
0.000000
0.000000
0.000000
0.000000
0.000000
0.000000
0.000000
0.000000
0.000000
0.000000
0.000000
0.000000
0.000000
0.000000
852006.000000
152881.000000
123277.000000
66786.000000
41393.000000
127136.000000
150117.000000
28475.000000
60356.000000
130487.000000
91915.000000
66461.000000
76838.000000
160967.000000
81479.000000
100822.000000
35835.000000
146100.000000
165596.000000
183406.000000
132975.000000
122044.000000
147846.000000
100594.000000
165528.000000
25812.000000
149585.000000
182259.000000
150937.000000
56133.000000
119317.000000
173153.000000
69223.000000
41021.000000
81056.000000
59127.000000
149575.000000
174132.000000
162087.000000
63516.000000
188415.000000
135116.000000
