0.000000
0.000000
0.000000
0.000000
0.000000
0.000000
0.000000
0.000000
0.000000
0.000000
0.000000
0.000000
0.000000
0.000000
0.000000
0.000000
0.000000
0.000000
0.000000
0.000000
0.000000
0.000000
0.000000
0.000000
0.000000
0.000000
0.000000
0.000000
0.000000
0.000000
0.000000
0.000000
0.000000
0.000000
0.000000
0.000000
0.000000
0.000000
0.000000
0.000000
0.000000
0.000000
0.000000
0.000000
0.000000
0.000000
0.000000
0.000000
0.000000
0.000000
0.000000
0.000000
0.000000
0.000000
0.000000
0.000000
0.000000
0.000000
0.000000
0.000000
0.000000
0.000000
0.000000
0.000000
0.000000
0.000000
0.000000
0.000000
0.000000
0.000000
0.000000
0.000000
0.000000
0.000000
0.000000
0.000000
0.000000
2914412.000000
166471.000000
66995.000000
30879.000000
167601.000000
539000.000000
34839.000000
53683.000000
146737.000000
110287.000000
70799.000000
95433.000000
291289.000000
124719.000000
181145.000000
37049.000000
196886.000000
268496.000000
595664.000000
203031.000000
233552.000000
181635.000000
115084.000000
451861.000000
38362.000000
265610.000000
230519.000000
179233.000000
79450.000000
214325.000000
510768.000000
135822.000000
46008.000000
86829.000000
76650.000000
375258.000000
524541.000000
467215.000000
63498.000000
432517.000000
167506.000000
