0.000000
0.000000
0.000000
0.000000
0.000000
0.000000
0.000000
0.000000
0.000000
0.000000
0.000000
0.000000
0.000000
0.000000
0.000000
0.000000
0.000000
0.000000
0.000000
0.000000
0.000000
0.000000
0.000000
0.000000
0.000000
0.000000
0.000000
0.000000
0.000000
0.000000
0.000000
0.000000
0.000000
0.000000
0.000000
0.000000
0.000000
0.000000
0.000000
0.000000
0.000000
0.000000
0.000000
0.000000
0.000000
0.000000
0.000000
0.000000
0.000000
0.000000
0.000000
0.000000
0.000000
0.000000
0.000000
0.000000
0.000000
0.000000
0.000000
0.000000
0.000000
0.000000
0.000000
0.000000
0.000000
0.000000
0.000000
0.000000
0.000000
0.000000
0.000000
0.000000
0.000000
0.000000
0.000000
0.000000
0.000000
0.000000
699963.000000
59906.000000
35516.000000
200036.000000
219617.000000
26472.000000
58004.000000
156403.000000
81578.000000
66067.000000
97007.000000
156572.000000
80880.000000
96556.000000
30705.000000
143554.000000
139181.000000
151105.000000
120845.000000
127880.000000
128533.000000
109657.000000
146012.000000
27349.000000
151284.000000
109582.000000
116908.000000
80643.000000
138858.000000
134103.000000
54139.000000
54589.000000
78102.000000
73114.000000
154257.000000
120911.000000
156830.000000
55388.000000
180432.000000
116814.000000
