0.000000
0.000000
0.000000
0.000000
0.000000
0.000000
0.000000
0.000000
0.000000
0.000000
0.000000
0.000000
0.000000
0.000000
0.000000
0.000000
0.000000
0.000000
0.000000
0.000000
0.000000
0.000000
0.000000
0.000000
0.000000
0.000000
0.000000
0.000000
0.000000
0.000000
0.000000
0.000000
0.000000
0.000000
0.000000
0.000000
0.000000
0.000000
0.000000
0.000000
0.000000
0.000000
0.000000
0.000000
0.000000
0.000000
0.000000
0.000000
0.000000
0.000000
0.000000
0.000000
0.000000
0.000000
0.000000
0.000000
0.000000
0.000000
0.000000
0.000000
0.000000
0.000000
0.000000
0.000000
0.000000
0.000000
0.000000
0.000000
0.000000
0.000000
0.000000
0.000000
0.000000
0.000000
0.000000
0.000000
0.000000
0.000000
0.000000
298818.000000
40441.000000
52792.000000
64641.000000
23859.000000
52104.000000
56618.000000
55668.000000
47452.000000
55373.000000
56978.000000
57599.000000
40239.000000
36266.000000
61206.000000
65925.000000
68213.000000
61953.000000
65291.000000
58669.000000
73453.000000
72738.000000
27933.000000
80294.000000
75512.000000
57843.000000
61147.000000
71253.000000
63905.000000
28497.000000
29430.000000
56869.000000
35655.000000
63572.000000
85437.000000
63980.000000
47214.000000
67873.000000
56814.000000
