0.000000
0.000000
0.000000
0.000000
0.000000
0.000000
0.000000
0.000000
0.000000
0.000000
0.000000
0.000000
0.000000
0.000000
0.000000
0.000000
0.000000
0.000000
0.000000
0.000000
0.000000
0.000000
0.000000
0.000000
0.000000
0.000000
0.000000
0.000000
0.000000
0.000000
0.000000
0.000000
0.000000
0.000000
0.000000
0.000000
0.000000
0.000000
0.000000
0.000000
0.000000
0.000000
0.000000
0.000000
0.000000
0.000000
0.000000
0.000000
0.000000
0.000000
0.000000
0.000000
0.000000
0.000000
0.000000
0.000000
0.000000
0.000000
0.000000
0.000000
0.000000
0.000000
0.000000
0.000000
0.000000
0.000000
0.000000
0.000000
0.000000
0.000000
0.000000
0.000000
0.000000
0.000000
0.000000
0.000000
0.000000
0.000000
0.000000
0.000000
169533.000000
37559.000000
40098.000000
32594.000000
32884.000000
35073.000000
37757.000000
23614.000000
41709.000000
41190.000000
29299.000000
28505.000000
28396.000000
35770.000000
34720.000000
33226.000000
40932.000000
37916.000000
32936.000000
33040.000000
36079.000000
22917.000000
38935.000000
42210.000000
34038.000000
29914.000000
38315.000000
39668.000000
37520.000000
22212.000000
32097.000000
32188.000000
37691.000000
33767.000000
37247.000000
23942.000000
37874.000000
33712.000000
