0.000000
0.000000
0.000000
0.000000
0.000000
0.000000
0.000000
0.000000
0.000000
0.000000
0.000000
0.000000
0.000000
0.000000
0.000000
0.000000
0.000000
0.000000
0.000000
0.000000
0.000000
0.000000
0.000000
0.000000
0.000000
0.000000
0.000000
0.000000
0.000000
0.000000
0.000000
0.000000
0.000000
0.000000
0.000000
0.000000
0.000000
0.000000
0.000000
0.000000
0.000000
0.000000
0.000000
0.000000
0.000000
0.000000
0.000000
0.000000
0.000000
0.000000
0.000000
0.000000
0.000000
0.000000
0.000000
0.000000
0.000000
0.000000
0.000000
0.000000
0.000000
0.000000
0.000000
0.000000
0.000000
0.000000
0.000000
0.000000
0.000000
0.000000
0.000000
0.000000
0.000000
0.000000
0.000000
0.000000
0.000000
0.000000
0.000000
0.000000
0.000000
929487.000000
171599.000000
44928.000000
51809.000000
149989.000000
119499.000000
80072.000000
94169.000000
175780.000000
95657.000000
120390.000000
33812.000000
125849.000000
133399.000000
170729.000000
135339.000000
157306.000000
121730.000000
113857.000000
159337.000000
33803.000000
153840.000000
121027.000000
117277.000000
83920.000000
129630.000000
215254.000000
114138.000000
64164.000000
59653.000000
65294.000000
194756.000000
171617.000000
150328.000000
56702.000000
171929.000000
133225.000000
