0.000000
0.000000
0.000000
0.000000
0.000000
0.000000
0.000000
0.000000
0.000000
0.000000
0.000000
0.000000
0.000000
0.000000
0.000000
0.000000
0.000000
0.000000
0.000000
0.000000
0.000000
0.000000
0.000000
0.000000
0.000000
0.000000
0.000000
0.000000
0.000000
0.000000
0.000000
0.000000
0.000000
0.000000
0.000000
0.000000
0.000000
0.000000
0.000000
0.000000
0.000000
0.000000
0.000000
0.000000
0.000000
0.000000
0.000000
0.000000
0.000000
0.000000
0.000000
0.000000
0.000000
0.000000
0.000000
0.000000
0.000000
0.000000
0.000000
0.000000
0.000000
0.000000
0.000000
0.000000
0.000000
0.000000
0.000000
0.000000
0.000000
0.000000
0.000000
0.000000
0.000000
0.000000
0.000000
0.000000
0.000000
0.000000
0.000000
0.000000
0.000000
0.000000
3984107.000000
34058.000000
56338.000000
175975.000000
106462.000000
54591.000000
109359.000000
276865.000000
136232.000000
181699.000000
41817.000000
244086.000000
323222.000000
697783.000000
200561.000000
204564.000000
195039.000000
129212.000000
463955.000000
34488.000000
339804.000000
268735.000000
192568.000000
81609.000000
216823.000000
736979.000000
162734.000000
55133.000000
82253.000000
75841.000000
340190.000000
653166.000000
455611.000000
38897.000000
551483.000000
192791.000000
