0.000000
0.000000
0.000000
0.000000
0.000000
0.000000
0.000000
0.000000
0.000000
0.000000
0.000000
0.000000
0.000000
0.000000
0.000000
0.000000
0.000000
0.000000
0.000000
0.000000
0.000000
0.000000
0.000000
0.000000
0.000000
0.000000
0.000000
0.000000
0.000000
0.000000
0.000000
0.000000
0.000000
0.000000
0.000000
0.000000
0.000000
0.000000
0.000000
0.000000
0.000000
0.000000
0.000000
0.000000
0.000000
0.000000
0.000000
0.000000
0.000000
0.000000
0.000000
0.000000
0.000000
0.000000
0.000000
0.000000
0.000000
0.000000
0.000000
0.000000
0.000000
0.000000
0.000000
0.000000
0.000000
0.000000
0.000000
0.000000
0.000000
0.000000
0.000000
0.000000
0.000000
0.000000
0.000000
0.000000
0.000000
0.000000
0.000000
0.000000
0.000000
0.000000
0.000000
172869.000000
16766.000000
36017.000000
41592.000000
33731.000000
34428.000000
46638.000000
31817.000000
22686.000000
21279.000000
27519.000000
29984.000000
35110.000000
41070.000000
44155.000000
19726.000000
38599.000000
35186.000000
24494.000000
30877.000000
40346.000000
41358.000000
28300.000000
32846.000000
36057.000000
57907.000000
32683.000000
36076.000000
28204.000000
27797.000000
54520.000000
31887.000000
27396.000000
48772.000000
28310.000000
