0.000000
0.000000
0.000000
0.000000
0.000000
0.000000
0.000000
0.000000
0.000000
0.000000
0.000000
0.000000
0.000000
0.000000
0.000000
0.000000
0.000000
0.000000
0.000000
0.000000
0.000000
0.000000
0.000000
0.000000
0.000000
0.000000
0.000000
0.000000
0.000000
0.000000
0.000000
0.000000
0.000000
0.000000
0.000000
0.000000
0.000000
0.000000
0.000000
0.000000
0.000000
0.000000
0.000000
0.000000
0.000000
0.000000
0.000000
0.000000
0.000000
0.000000
0.000000
0.000000
0.000000
0.000000
0.000000
0.000000
0.000000
0.000000
0.000000
0.000000
0.000000
0.000000
0.000000
0.000000
0.000000
0.000000
0.000000
0.000000
0.000000
0.000000
0.000000
0.000000
0.000000
0.000000
0.000000
0.000000
0.000000
0.000000
0.000000
0.000000
0.000000
0.000000
0.000000
0.000000
268834.000000
58160.000000
48136.000000
18200.000000
49537.000000
59096.000000
40929.000000
38750.000000
38478.000000
57502.000000
56783.000000
58648.000000
59535.000000
49163.000000
60687.000000
52174.000000
72158.000000
27690.000000
57743.000000
53315.000000
55567.000000
54519.000000
52085.000000
59708.000000
38312.000000
34357.000000
42219.000000
38371.000000
57184.000000
70947.000000
57052.000000
39955.000000
56540.000000
54004.000000
