0.000000
0.000000
0.000000
0.000000
0.000000
0.000000
0.000000
0.000000
0.000000
0.000000
0.000000
0.000000
0.000000
0.000000
0.000000
0.000000
0.000000
0.000000
0.000000
0.000000
0.000000
0.000000
0.000000
0.000000
0.000000
0.000000
0.000000
0.000000
0.000000
0.000000
0.000000
0.000000
0.000000
0.000000
0.000000
0.000000
0.000000
0.000000
0.000000
0.000000
0.000000
0.000000
0.000000
0.000000
0.000000
0.000000
0.000000
0.000000
0.000000
0.000000
0.000000
0.000000
0.000000
0.000000
0.000000
0.000000
0.000000
0.000000
0.000000
0.000000
0.000000
0.000000
0.000000
0.000000
0.000000
0.000000
0.000000
0.000000
0.000000
0.000000
0.000000
0.000000
0.000000
0.000000
0.000000
0.000000
0.000000
0.000000
0.000000
0.000000
0.000000
0.000000
0.000000
0.000000
0.000000
919686.000000
107730.000000
90623.000000
98185.000000
225106.000000
64729.000000
93850.000000
28233.000000
153334.000000
163490.000000
195226.000000
178871.000000
166282.000000
152654.000000
116150.000000
138896.000000
31640.000000
144675.000000
185765.000000
158259.000000
89999.000000
119876.000000
149499.000000
62906.000000
37597.000000
85926.000000
51226.000000
186649.000000
165535.000000
162828.000000
71363.000000
208153.000000
128698.000000
