0.000000
0.000000
0.000000
0.000000
0.000000
0.000000
0.000000
0.000000
0.000000
0.000000
0.000000
0.000000
0.000000
0.000000
0.000000
0.000000
0.000000
0.000000
0.000000
0.000000
0.000000
0.000000
0.000000
0.000000
0.000000
0.000000
0.000000
0.000000
0.000000
0.000000
0.000000
0.000000
0.000000
0.000000
0.000000
0.000000
0.000000
0.000000
0.000000
0.000000
0.000000
0.000000
0.000000
0.000000
0.000000
0.000000
0.000000
0.000000
0.000000
0.000000
0.000000
0.000000
0.000000
0.000000
0.000000
0.000000
0.000000
0.000000
0.000000
0.000000
0.000000
0.000000
0.000000
0.000000
0.000000
0.000000
0.000000
0.000000
0.000000
0.000000
0.000000
0.000000
0.000000
0.000000
0.000000
0.000000
0.000000
0.000000
0.000000
0.000000
0.000000
0.000000
0.000000
0.000000
0.000000
0.000000
537044.000000
95700.000000
403480.000000
113453.000000
81526.000000
86040.000000
35542.000000
103798.000000
107913.000000
125013.000000
135401.000000
127465.000000
97574.000000
99225.000000
98994.000000
29168.000000
115352.000000
116902.000000
102539.000000
79210.000000
87805.000000
104470.000000
85897.000000
43808.000000
88338.000000
59624.000000
107730.000000
114462.000000
105900.000000
93682.000000
122882.000000
93764.000000
