0.000000
0.000000
0.000000
0.000000
0.000000
0.000000
0.000000
0.000000
317252.000000
66677.000000
34248.000000
45365.000000
70843.000000
49829.000000
58038.000000
47691.000000
54552.000000
61405.000000
62072.000000
52039.000000
58951.000000
10493.000000
46659.000000
17568.000000
63563.000000
61385.000000
68151.000000
24154.000000
26719.000000
50876.000000
41237.000000
12322.000000
17599.000000
33187.000000
33308.000000
65626.000000
35421.000000
26051.000000
20172.000000
54167.000000
68274.000000
75176.000000
50023.000000
66581.000000
60105.000000
33307.000000
25816.000000
45902.000000
70774.000000
69497.000000
51087.000000
16809.000000
11350.000000
57270.000000
55253.000000
49634.000000
66815.000000
63775.000000
33851.000000
58503.000000
44686.000000
47144.000000
44639.000000
50616.000000
51801.000000
65568.000000
53261.000000
53043.000000
32584.000000
64729.000000
10769.000000
68055.000000
65565.000000
76395.000000
19431.000000
42569.000000
62738.000000
63383.000000
66869.000000
49216.000000
30036.000000
64434.000000
70423.000000
29616.000000
38205.000000
68815.000000
64914.000000
52249.000000
64588.000000
76054.000000
50544.000000
62592.000000
33629.000000
68005.000000
70351.000000
68247.000000
66003.000000
80460.000000
52731.000000
53156.000000
59617.000000
22061.000000
66026.000000
58756.000000
74196.000000
67190.000000
67550.000000
65980.000000
37102.000000
33842.000000
52808.000000
59098.000000
49628.000000
73662.000000
63542.000000
53765.000000
60541.000000
65495.000000
