pred,label
0.9980191,1
0.00014851554,-1
0.019726157,-1
0.063810065,-1
0.99904364,1
0.0004420547,-1
0.97329336,1
0.9998735,1
0.00030672314,-1
0.0010195227,-1
0.00024708585,-1
0.00036951297,-1
0.0011655678,-1
0.0005839788,-1
0.9998462,1
0.0014826327,-1
0.9998154,1
0.9999933,1
0.09918824,-1
0.99930584,1
0.0003498389,-1
0.075194046,-1
0.018585037,-1
0.004706125,-1
0.9998691,1
0.031919915,-1
0.0013472389,-1
0.000216873,-1
0.99998415,1
0.9971927,1
0.117948346,-1
0.004729049,-1
0.9999908,1
0.9753073,1
0.9999716,1
0.99999785,1
0.99983025,1
3.9962575e-05,-1
0.9426929,1
0.99992526,1
0.002399067,-1
0.0010959712,-1
0.004165263,-1
0.0030332967,-1
0.99881387,1
0.0011991651,-1
3.0703333e-05,-1
0.19544992,-1
0.9999939,1
0.99827754,1
0.9999913,1
0.0020802112,-1
0.9999746,1
0.02470553,-1
0.013181158,-1
0.99934405,1
0.9983152,1
0.0031986667,-1
1.5358207e-06,-1
0.99999917,1
7.823553e-05,-1
0.0012965889,-1
0.9908586,1
0.99887544,1
0.99999785,1
0.99999607,1
0.9940661,1
0.0007274623,-1
0.9999907,1
0.00447213,-1
0.004025291,-1
0.9995802,1
0.23791601,-1
0.98961467,1
0.0020964446,-1
0.99996567,1
7.268086e-05,-1
0.9999082,1
4.5177698e-05,-1
0.999395,1
0.000290493,-1
0.9999224,1
0.9998759,1
0.014125987,-1
0.9999927,1
0.99999464,1
0.045297317,-1
0.9999598,1
0.9999975,1
0.00010374771,-1
0.030018775,-1
0.9998276,1
0.008044895,-1
2.8786619e-05,-1
0.023532249,-1
0.045692325,-1
9.4301875e-05,-1
0.00549899,-1
0.9991308,1
0.97963583,1
0.9999974,1
1.8076627e-05,-1
0.0020697352,-1
0.99980503,1
0.9996239,1
0.014714076,-1
5.949817e-05,-1
0.9998542,1
0.00020726283,-1
0.013918312,-1
0.00029509017,-1
0.9315524,1
0.9987185,1
0.00011739167,-1
0.0008092275,-1
0.9996723,1
0.99983454,1
0.0001000413,-1
1.20652785e-05,-1
0.031222513,-1
0.99991584,1
0.9998548,-1
0.99907124,1
0.99987113,1
0.00013441476,-1
0.9997832,1
0.002121732,-1
0.99849606,1
0.000200831,-1
0.9979006,1
0.025815114,-1
3.965371e-05,-1
0.9999325,1
0.0017797006,-1
4.8670936e-05,-1
0.99996257,1
0.99996305,1
0.99999917,1
7.031251e-05,-1
0.99995625,1
0.9873564,1
0.049835347,-1
0.00010500255,-1
0.0001100732,-1
0.9545553,1
0.99998546,1
0.9990061,1
0.103046335,-1
0.0010659046,-1
2.9485023e-05,-1
0.00176419,-1
0.011914859,-1
0.00089737866,-1
0.9999932,1
2.0432124e-05,-1
4.8734422e-05,-1
0.0012215535,-1
0.00046330946,-1
0.9999987,1
0.15241574,-1
0.9999689,1
0.9999652,1
0.9597017,1
7.347927e-06,-1
5.3474443e-05,-1
0.99522936,1
0.0008787694,-1
0.00061590987,-1
0.0019053674,-1
0.008494917,-1
0.029570004,-1
0.9999995,1
0.9998635,1
0.9999989,1
0.99585426,1
0.16083604,-1
0.9953701,1
0.99999154,1
0.009201212,-1
0.002964687,-1
0.997269,1
2.177972e-05,-1
0.9999597,1
0.9999193,1
3.1178944e-05,-1
4.06017e-05,-1
0.99999475,1
0.042963225,-1
0.0035304117,-1
3.4937104e-06,-1
0.9993693,1
0.9999244,1
0.99886656,1
0.9995345,1
0.004140023,-1
0.9998615,1
0.062468242,-1
0.9970228,1
0.0026225084,-1
1.8755218e-05,-1
0.00032683622,-1
0.9999871,1
0.0007459387,-1
0.99999857,1
0.9975037,1
6.542047e-06,-1
6.5669345e-05,-1
0.9954228,1
0.99987257,1
2.6724867e-06,1
0.0005053753,-1
0.99964345,1
0.9999975,1
0.9878066,1
0.9999995,1
0.9999999,1
0.99995255,1
0.99771947,1
4.8887145e-05,-1
0.0016602135,-1
0.001980886,-1
0.99991834,1
0.88235813,1
0.0019839667,-1
0.00022771998,-1
3.58415e-05,-1
0.016200759,-1
0.0022690995,-1
0.9994937,1
0.9999989,1
4.8778595e-05,-1
0.99999046,1
0.99999905,1
0.9999981,1
0.012275039,-1
2.6014055e-05,-1
0.003219903,-1
2.8138493e-05,-1
0.00030093067,-1
0.30059955,-1
0.02273487,-1
0.06457684,-1
0.19210996,-1
0.9997999,1
0.99998593,1
0.99999726,1
0.64118344,-1
2.6417658e-05,-1
0.0002539425,-1
0.99082875,1
0.00051546906,-1
0.01114725,-1
0.01958897,-1
0.0067117484,-1
0.99995244,1
0.011514041,-1
0.99998903,1
0.0012612256,-1
0.0014436212,-1
0.0008144978,-1
0.99996483,1
0.99849856,1
0.99907494,1
0.00032953703,-1
0.10746627,-1
0.999385,1
0.99996245,1
0.9956821,1
0.99998415,1
0.9995641,1
0.99993145,1
0.9997203,1
0.99781656,1
0.007380546,-1
0.999866,1
0.043659076,-1
0.0009447226,-1
5.07e-05,-1
0.9997092,1
0.18816294,-1
0.00012550854,-1
0.999257,1
0.00047434217,-1
0.99990416,1
0.06335808,-1
0.9997329,1
0.99998593,1
0.9999579,1
0.99999917,1
0.99998856,1
0.9999112,1
0.9998635,1
0.9999831,1
0.15983437,-1
0.9999474,1
3.4120934e-05,-1
0.023523346,-1
0.9994141,1
0.9993556,1
0.9994991,1
0.99999905,1
0.99653614,1
3.3231303e-05,-1
0.0010175892,-1
0.0066672163,-1
6.140839e-05,-1
0.99999607,1
8.782316e-05,-1
0.9982481,1
0.99999785,1
0.9995795,1
0.9999052,1
0.99997556,1
0.0008507379,-1
0.00014441855,-1
0.001543592,-1
0.0029189829,-1
0.8985489,1
1.0,1
0.99999094,1
2.2286953e-05,-1
0.9984931,1
0.286923,-1
0.33472338,-1
0.99831176,1
0.0026620973,-1
0.99988306,1
0.99760556,1
0.9999987,1
0.99936706,1
0.98815256,1
0.9999895,1
0.18326947,-1
0.9999932,1
0.018631788,-1
0.093665965,-1
0.99999297,1
0.99999976,1
0.026550915,-1
0.9999999,1
9.048293e-05,-1
0.99995196,1
0.0003850453,-1
0.13949043,-1
0.9997267,1
0.00011771663,-1
0.9936534,1
0.9999809,1
3.3037923e-05,-1
0.1698992,-1
0.99999416,1
0.00075107365,-1
0.9995284,1
0.9978175,1
0.022174673,-1
0.0011175863,-1
0.9999981,1
0.014150811,-1
0.99998415,1
0.2118606,-1
0.008635127,-1
3.7841196e-06,-1
0.9999902,1
0.0034717477,-1
0.9990088,1
0.00023060873,-1
0.9905742,1
0.9999573,1
0.006136833,-1
0.005040339,-1
0.99984634,1
0.0004109484,-1
0.00015479878,-1
0.26437998,-1
0.99996877,1
0.9999678,1
0.9999958,1
0.9999876,1
0.0013108448,-1
0.00018441072,-1
0.01810712,-1
0.99999976,1
0.9998497,1
0.148399,-1
0.04357452,-1
0.002668704,-1
0.0051959595,-1
0.99929285,1
0.9992016,1
8.1151295e-05,-1
0.99938834,1
5.266583e-05,-1
0.9933349,1
0.009033367,-1
0.9986841,1
0.9999126,1
0.99921453,1
0.0027158714,-1
0.9933704,1
0.008915883,-1
0.99992967,1
0.00014456555,1
0.9998697,1
0.99621695,1
0.0048095314,-1
0.018059986,-1
0.99999976,1
0.9996313,1
3.4854704e-06,-1
0.99998605,1
0.99976844,1
0.023551704,-1
0.999979,1
0.0006621835,-1
0.0002827036,-1
0.99992526,1
0.9999497,1
0.00013985141,-1
0.9999975,1
4.0877e-06,-1
0.99999976,1
0.9999578,1
2.5852018e-05,-1
0.99977404,1
0.0054481765,-1
9.810996e-07,-1
0.09742924,-1
0.0057465676,-1
0.027005067,-1
4.9982933e-05,-1
0.99998736,1
0.99999857,1
0.9999963,1
0.003552759,-1
0.002560571,-1
0.9999161,1
0.005464256,-1
0.2757955,-1
0.0010628955,-1
0.9996075,1
0.999877,1
1.2816243e-06,-1
0.020116363,-1
3.626723e-05,-1
0.17370062,-1
0.99999285,1
7.923689e-05,-1
0.9999969,1
0.00020211769,-1
0.999987,1
0.0022003143,-1
0.9999962,1
0.9999788,1
0.9940731,1
0.0069708847,-1
0.999796,1
0.99998105,1
0.9724564,1
0.9999976,1
7.011392e-05,-1
0.0085299015,-1
0.007876469,-1
0.99945503,1
0.99973434,1
1.0,1
0.004879248,-1
0.968053,1
0.99931765,1
0.987598,1
0.999532,1
0.00014173413,-1
7.024141e-05,-1
0.023503127,-1
0.53089714,-1
0.98769325,1
0.9999982,1
6.445069e-05,-1
0.031949237,-1
8.982782e-05,-1
0.00820147,-1
2.5503856e-05,-1
1.945696e-05,-1
0.016687263,-1
0.010539066,-1
0.99999475,1
0.99999833,1
3.3986067e-05,-1
0.19926697,-1
0.9994547,1
0.9999547,1
0.9999074,1
0.9995739,1
0.049209483,-1
0.000110158035,-1
0.0181556,-1
0.9999628,1
0.05353152,-1
0.001736288,-1
0.00018864522,-1
0.002488274,-1
0.9999634,1
0.06394166,-1
0.99890935,1
0.05926783,-1
0.58185756,1
0.99999,1
0.5343376,1
0.9977762,1
4.3529362e-05,-1
0.99902475,1
0.99997973,1
0.8446849,-1
0.999998,1
0.76934534,1
0.000107694264,-1
0.99999917,1
1.7733746e-05,-1
0.0007820577,-1
0.9999981,1
0.82786965,1
0.9998054,1
0.999316,1
0.99734575,1
0.9731514,1
2.1913459e-06,1
0.9997372,1
0.012935691,-1
0.9983631,1
0.0009256159,-1
0.9999765,1
0.0010647769,-1
0.9989524,1
0.999864,1
9.446565e-06,-1
0.99689364,-1
3.9865707e-05,-1
0.0008132252,-1
2.0020474e-05,-1
0.0062635215,-1
3.7057525e-05,-1
0.9999689,1
0.12339138,-1
0.9999782,1
0.010622341,-1
0.9992822,1
0.9983651,1
5.1343264e-05,-1
0.0041295374,-1
0.99972516,1
0.008612615,-1
0.99998486,1
0.9918636,1
0.99996483,1
0.9996959,1
0.9999994,1
0.07189695,-1
0.00033232186,-1
0.025213003,-1
0.0020861677,-1
0.99249,1
0.99109966,1
0.0017223294,1
0.99999034,1
0.9897468,1
0.97710735,1
0.98565626,1
0.99854726,1
0.00017077521,-1
0.99293476,1
0.99694484,1
0.023906505,-1
0.9999703,1
0.99999964,1
3.931605e-06,-1
0.99108785,1
0.99999857,1
0.9997733,1
0.01507006,-1
0.9942411,1
7.348538e-05,-1
0.9999826,1
0.0461977,-1
0.99999964,1
0.99999785,1
0.9995819,1
0.111423686,-1
0.0021751742,-1
0.009034446,-1
0.99942553,1
0.020446194,-1
0.99905664,1
0.001528633,-1
0.9999844,1
0.009489638,-1
2.95147e-05,-1
0.999962,1
0.9999652,1
0.014314864,-1
0.998992,1
0.9998863,1
0.0029322417,-1
0.99999654,1
0.99710816,1
0.9994411,1
0.99994826,1
0.00033427318,-1
0.99993765,1
0.0007302622,-1
0.028341612,-1
0.06902338,-1
0.00015124398,-1
0.999959,1
0.999265,1
0.0026269287,-1
0.0026281246,-1
0.9947102,1
9.349929e-06,-1
0.00044653643,-1
0.9999938,1
0.99999785,1
9.197295e-06,-1
0.00010773032,-1
0.99999726,1
0.99941206,1
0.99980885,1
5.2397416e-05,-1
0.9843329,1
0.99999905,1
0.26883033,-1
0.99984396,1
5.121899e-06,-1
7.013846e-05,-1
0.9730199,1
8.362771e-06,-1
0.9999114,1
0.9994867,1
4.4875713e-05,-1
3.80291e-06,-1
0.99953544,1
0.0081655895,-1
0.9999722,1
0.99998367,1
2.3234702e-06,-1
0.97281206,1
0.997531,1
1.5166955e-05,-1
0.35490036,-1
0.00011012537,-1
2.5479716e-05,-1
1.1471437e-05,-1
0.0075246086,-1
0.99247146,1
0.010024719,-1
0.00018004962,-1
0.70913374,1
0.00046602622,-1
2.8985448e-06,-1
0.06997181,-1
0.9989567,1
0.99338984,1
0.9999224,1
0.99999964,1
0.9999981,1
0.04711374,-1
0.96872634,-1
0.009434783,1
1.0,1
0.9999944,1
0.9215475,1
0.9752278,-1
0.9997937,1
0.002146316,-1
0.9999615,1
0.9997683,1
0.0005739994,-1
0.9995524,1
0.000111214125,-1
0.9998853,1
0.9999908,1
0.9998739,1
8.660068e-06,-1
0.00054419454,-1
0.9999653,1
0.67565423,1
0.9993674,1
0.99999857,1
0.00032470847,-1
0.019289685,-1
0.030279716,-1
0.9999325,1
0.0010542284,-1
0.012090005,-1
0.9863154,1
0.9954377,1
0.0005524884,-1
0.9999045,1
9.245497e-05,-1
0.022803666,-1
0.0105246315,-1
0.09137791,-1
0.99994683,1
0.9999918,1
0.9971943,1
0.018734636,-1
0.0007566535,-1
0.99988115,1
0.9959044,1
0.0031805162,-1
0.000107639746,-1
0.9916923,1
0.010194041,-1
0.9999008,1
1.771919e-05,-1
0.99952316,1
0.0041525173,-1
1.8915446e-06,-1
1.3685427e-05,-1
0.0008589431,-1
0.99653107,1
5.6612756e-05,-1
0.07686923,-1
0.0020814422,-1
0.9994728,1
0.9998541,1
3.6812307e-05,-1
0.0022447929,-1
0.0009666176,-1
2.7029473e-05,-1
0.0017431813,-1
0.9977851,1
0.9999591,1
0.9957135,1
0.9261334,1
0.9999982,1
0.0011748296,-1
0.20450374,-1
2.9172887e-05,1
0.029708106,1
0.9999989,1
0.99913883,1
0.999997,1
0.011327246,-1
0.99999547,1
0.9998691,1
0.9998957,1
0.99734586,1
0.99982387,1
0.0001608719,-1
0.99988544,1
0.039368156,-1
0.012796951,-1
0.9996754,1
2.6857091e-05,-1
0.99964166,1
0.9985208,1
0.0650425,-1
0.99997926,1
0.9999939,1
0.27670914,-1
0.00023072066,-1
0.007964036,-1
0.010963662,-1
1.0128541e-05,-1
0.9805103,1
0.99986935,1
0.9902958,1
0.9998958,1
0.0008962183,-1
3.8789327e-05,-1
0.99994266,1
0.01135052,-1
0.0030463939,-1
0.0012570418,-1
0.99648285,1
0.99998236,1
0.0004331944,-1
0.0014711665,-1
0.9999877,1
7.879113e-06,-1
0.00023914105,-1
1.5314276e-05,-1
0.00801809,-1
0.037049606,-1
0.99982363,1
0.00020514848,-1
0.05590845,-1
0.99541205,1
0.003738866,-1
0.9999963,1
4.1042924e-05,-1
0.016879665,-1
0.9927549,1
0.9999602,1
0.99992406,1
0.0018859144,-1
0.9999987,1
0.27696112,-1
0.01388967,-1
0.99999917,1
0.99999857,1
7.755628e-06,-1
0.99996173,1
0.9999809,1
0.9999677,1
0.99985397,1
0.00039257476,-1
0.00013194997,-1
0.99999166,1
0.9992679,1
0.999403,1
0.99994636,1
0.00012586017,-1
0.9999814,1
0.9457501,1
0.999954,1
0.8712945,-1
0.093039155,1
0.99392045,1
0.043080337,-1
0.9999945,1
0.03441715,-1
0.9999738,1
0.99999964,1
0.00018827361,-1
0.007198101,-1
1.7192704e-05,-1
0.9999521,1
0.6950137,1
4.146418e-05,-1
0.9999943,1
0.997883,1
0.0005614381,-1
0.0022753498,-1
9.6782125e-05,-1
0.9999943,1
5.301685e-05,-1
0.1515238,-1
0.99747086,1
0.9997396,1
0.999972,1
0.00031595066,-1
0.9992416,1
0.13405408,1
0.051510885,-1
6.900065e-05,-1
0.9999821,1
0.000120776145,-1
0.0019780744,-1
0.003549401,-1
0.00027765374,-1
8.257917e-05,-1
0.00016542026,-1
0.14455655,-1
0.00431825,-1
0.9999877,1
0.012853942,-1
0.9999951,1
0.01774983,-1
8.288963e-05,-1
0.99952483,1
0.99995744,1
0.0973664,-1
0.99145925,1
4.541138e-07,-1
0.9992787,1
0.014333918,-1
9.866887e-05,1
0.9999976,1
0.9996613,1
0.99808466,1
0.002679734,-1
0.9999852,1
0.002982938,-1
0.010295602,-1
0.0025730135,-1
0.0018392422,-1
0.99969447,1
0.9999938,1
0.9991684,1
0.0017948365,-1
0.15458852,-1
0.1271778,-1
3.2032724e-05,-1
1.0263601e-05,-1
6.282145e-06,-1
0.9999788,1
0.00022388145,-1
0.00851354,-1
0.01714843,-1
0.993666,1
0.99999785,1
1.4566493e-05,-1
0.99998915,1
0.016033705,-1
0.9999932,1
5.9599588e-05,-1
0.99711007,1
0.9981,1
0.85092825,-1
0.01341574,-1
0.034954146,-1
0.003422024,-1
0.9991665,1
0.0004262966,-1
0.0029607704,-1
0.0007482714,-1
0.7494543,1
0.9996625,1
0.9975956,1
1.7455717e-06,-1
0.0012717224,-1
0.0001128389,-1
0.0008476199,-1
0.863437,1
0.00025510564,-1
0.0015606752,-1
0.96172124,1
0.92943233,1
0.9993316,1
0.99995315,1
0.99986136,1
0.02247014,-1
0.99998987,1
0.000107832784,-1
0.9999931,1
0.007415685,-1
7.6687e-08,-1
0.029926866,-1
0.003695259,-1
0.9904801,1
0.9984548,1
0.9963546,1
2.9918472e-05,-1
5.333123e-06,-1
0.99998057,1
0.0019328395,-1
0.99985266,1
0.012452509,-1
0.9999864,1
0.99997425,1
0.9850596,1
0.9999975,1
0.42382562,-1
0.06906854,-1
0.99997425,1
6.5102304e-06,-1
0.9983259,1
0.9995566,1
0.9054609,1
0.9999633,1
0.9958488,1
0.00049580337,-1
0.98895735,1
1.2373771e-05,-1
0.0016877248,-1
0.97333527,-1
0.99919635,1
0.00010942622,-1
0.9996265,1
0.0011904417,-1
0.99274266,1
0.037729397,-1
0.11047743,1
0.99948454,1
0.83422774,1
0.99991035,1
0.0035654283,-1
0.9994941,1
0.4161222,1
0.00010454927,-1
0.9993362,1
0.99993956,1
0.011489418,-1
0.0008145153,-1
3.0522137e-06,-1
0.00015290212,-1
0.0036132294,-1
0.00051234016,-1
0.9998925,1
2.0475618e-06,-1
0.99972016,1
0.9998574,1
0.99999726,1
0.00019375759,-1
0.0026402497,-1
0.99963605,1
0.9996927,1
1.8888491e-05,-1
0.9997025,1
0.99856865,1
0.00013845606,-1
0.9935821,1
0.96366054,1
0.9997764,1
4.757845e-05,-1
0.00012911727,-1
0.9981229,1
0.9997918,1
0.96596557,1
0.99998605,1
0.0006776842,-1
0.99928623,1
0.99999714,1
0.9989066,1
6.41785e-05,-1
0.9999423,1
0.10984845,-1
4.243586e-05,-1
2.9563014e-05,-1
0.023764642,-1
1.0,1
0.9999833,1
0.037004277,-1
0.0010376109,-1
0.9999933,1
0.12736942,1
0.90548056,1
0.9999995,1
0.96086687,-1
0.0033684769,-1
0.998711,1
4.8894303e-06,-1
0.1512144,-1
2.124919e-05,-1
0.99999714,1
0.0003472834,-1
0.0019426451,-1
0.9628845,1
0.99974805,1
2.1469381e-05,-1
0.00013304637,-1
9.913506e-06,-1
0.141546,-1
0.0040789456,-1
2.8777533e-05,-1
0.9797121,1
0.97192657,1
0.0001247404,-1
7.3886126e-06,-1
0.9983022,1
2.1635722e-05,-1
0.99582195,1
8.419752e-07,-1
0.999977,1
0.99934715,1
1.9333033e-06,-1
0.00022628027,-1
0.99974114,1
0.0032424356,-1
0.046041943,1
0.99913543,1
0.004162667,-1
0.8645321,1
9.301308e-06,-1
0.00217884,-1
0.00012075484,-1
0.004024307,-1
0.9999528,1
0.0010240254,-1
0.02141946,-1
0.9827702,1
0.9986992,1
4.076146e-06,-1
0.00063322164,-1
0.99998343,1
0.99995613,1
0.00038434137,-1
0.05709178,-1
0.97347844,1
0.999814,1
3.6901092e-05,-1
0.9999522,1
0.99996495,1
0.9999969,1
0.0022104552,-1
0.99993205,1
7.7595134e-05,-1
0.99100906,1
0.99946886,1
0.82351476,1
0.00041065455,-1
5.2774176e-05,-1
0.9997758,1
0.99873847,1
0.9954625,1
4.6094632e-05,-1
0.9990396,1
0.9929558,1
0.99609727,1
1.36126e-05,-1
0.31002295,-1
0.0019298043,-1
0.978102,1
0.92408824,1
0.9979551,1
0.00045000404,-1
0.012941178,-1
0.00088200526,-1
0.018661134,-1
0.99968755,1
0.99978894,1
0.017502258,-1
0.99949896,1
1.6140659e-05,-1
0.03197713,-1
0.99997115,1
0.60693604,1
0.9982461,1
0.99809486,1
0.9979578,1
0.9829534,1
0.99999356,1
0.99853086,1
0.9999988,1
0.99998426,1
0.00090447953,-1
9.0693014e-05,-1
0.9999987,1
0.021508453,-1
0.00086347,-1
0.00026166838,-1
8.6139835e-06,-1
0.988831,1
6.4339416e-05,-1
0.99999833,1
0.0021087343,-1
0.99941885,1
0.9964954,1
5.1907304e-05,-1
0.9996562,1
0.13439545,-1
3.874227e-06,-1
0.00035532255,-1
0.99985933,1
0.9999833,1
0.0077057513,-1
0.9998728,1
0.38458538,1
0.99896073,1
1.659065e-05,1
0.000466046,-1
0.9982046,1
0.0023262193,-1
0.0015891939,-1
0.99596655,1
0.12948239,1
0.9999788,1
0.124755025,-1
0.99993455,1
0.0008820149,-1
0.99981123,1
0.00074107246,-1
0.100848734,-1
0.00018424164,-1
0.0028397066,-1
0.049946122,1
0.00020489728,-1
1.1709675e-05,-1
0.0009703578,-1
0.0045311023,-1
0.99956363,1
0.00016548243,-1
0.99816614,1
0.018197486,-1
0.03697472,-1
0.99661595,1
0.000102603386,-1
0.9996685,1
1.3035711e-06,-1
0.007470544,-1
0.9999827,1
0.000118350865,-1
0.99999046,1
0.0011537068,-1
0.99906904,1
1.8940533e-05,-1
0.996566,1
0.9958587,1
6.002676e-06,-1
0.99976367,1
0.05185716,-1
0.98953396,1
0.9993461,1
2.6744754e-06,-1
0.00010928847,-1
0.0002823766,-1
0.0056415317,-1
0.99741817,1
0.0047602146,-1
0.0006136842,-1
0.00030367615,-1
0.0006301507,-1
3.576086e-05,-1
1.0428142e-05,-1
0.99997056,1
0.99983454,1
0.00011179339,-1
0.77791023,1
0.99955493,1
0.9951952,1
0.99480236,1
0.9120662,-1
0.005755841,-1
0.91263086,-1
0.9999728,1
5.7667374e-05,-1
0.0022279762,1
3.409673e-05,-1
0.9868913,1
1.126762e-05,-1
0.0024793018,-1
1.6918405e-06,-1
0.9996245,1
0.99985707,1
0.0026519743,-1
0.028998107,-1
0.9773437,1
1.0048256e-05,-1
4.6075165e-05,-1
0.9999987,1
0.07295634,-1
0.0029079847,-1
0.0008253731,-1
0.006457464,-1
0.99485034,1
0.998754,1
0.9979518,1
0.9812779,1
0.95458364,1
0.016330902,-1
0.98449373,1
0.9952933,1
0.00011619757,-1
0.99999046,1
0.99963176,1
0.9999378,1
0.00023663256,-1
1.5132853e-06,-1
0.99992025,1
0.99997485,1
0.9999975,1
0.01755043,-1
6.0940998e-05,-1
0.9984534,1
0.99975675,1
0.9989956,1
0.031795967,-1
7.968818e-06,-1
0.99153835,1
0.0005261277,-1
0.69764376,-1
0.99615496,1
8.718417e-05,-1
0.99994934,1
0.00059727306,-1
0.0025887378,-1
0.9992016,1
0.99974304,1
0.025254935,-1
0.99998665,1
0.99976724,1
0.014043113,-1
0.00024527428,-1
0.00023820397,-1
0.967133,1
0.9928549,1
0.9978356,1
2.743054e-05,-1
0.999853,1
0.98306817,1
0.99995506,1
0.99999666,1
0.9979583,1
2.3792454e-06,-1
0.00019792776,-1
2.2510571e-06,-1
7.0993534e-05,-1
0.9999987,1
0.99923635,1
4.9339105e-05,-1
0.0016171157,-1
0.0072573544,-1
0.99960333,1
0.99881375,1
0.005086418,-1
4.802399e-05,-1
8.8130975e-05,-1
0.94633746,1
0.999882,1
0.99893135,1
4.1410776e-06,-1
0.025335502,-1
0.9997359,1
0.99999225,1
0.9981001,1
0.99974114,1
4.867337e-06,-1
0.01742233,-1
0.9999852,1
0.9999987,1
0.0006066094,-1
0.00010019223,-1
0.014560674,-1
0.0044136136,-1
0.003256094,-1
2.0762507e-05,-1
0.8795535,1
0.99945015,1
0.99997747,1
1.0,1
0.99983466,1
0.9986563,1
0.9743071,1
0.9998729,1
0.999793,1
0.99913126,1
0.0050391443,-1
0.00037142544,-1
0.0006677957,-1
0.9950446,1
2.4429453e-05,-1
0.9999851,1
0.9787654,1
0.9630978,1
3.21477e-05,-1
0.00016484996,-1
0.026566867,-1
0.99290437,1
0.9658503,1
0.0014807,-1
0.3935652,-1
0.0004989673,-1
0.014388117,-1
0.0002436279,-1
1.7418835e-05,-1
0.9999945,1
0.001417383,-1
0.99889624,1
0.026113119,-1
0.9995491,1
0.98739594,1
5.861015e-05,-1
2.9445402e-05,-1
0.014948328,-1
5.8483132e-05,-1
0.002274496,-1
2.8179256e-05,-1
2.4349698e-05,-1
0.0003769488,-1
8.898498e-05,-1
0.9996984,1
0.9999851,1
0.00014285622,-1
3.828616e-06,-1
0.99993455,1
0.9904507,1
0.9957617,1
0.9908388,1
2.274132e-06,1
2.2419624e-06,-1
0.68407106,-1
0.00034337628,-1
0.00040932003,-1
0.99927706,1
0.016327571,-1
0.9999285,1
0.000481734,-1
7.2227886e-05,-1
0.9999093,1
3.0569427e-07,-1
2.8562206e-06,-1
0.0054160007,-1
0.00051255804,-1
0.99724835,1
0.13676228,1
1.7907141e-05,-1
0.9999448,1
0.99890184,1
0.003136073,-1
0.99990654,1
0.9996112,1
0.00039750538,-1
0.000107627944,-1
0.11527917,-1
6.731526e-05,-1
0.99872166,1
0.0041259723,-1
0.9999999,1
0.02267399,-1
0.000113195725,-1
0.0005953401,-1
0.9999949,1
6.522821e-05,-1
0.009639336,-1
0.99687,1
0.00020955376,-1
0.9992561,1
0.0114839915,-1
0.0024840946,-1
7.4685663e-06,-1
0.70947975,1
0.977554,1
2.555301e-05,-1
0.9999528,1
0.99950695,1
0.9995116,1
0.99833435,1
0.00060322916,-1
5.0756644e-05,-1
0.99999344,1
0.9933548,1
9.850458e-06,-1
0.9999963,1
9.671617e-05,-1
0.00013103055,-1
0.0059267776,-1
0.017907089,-1
0.9994937,1
2.5495709e-05,-1
0.99996376,1
0.2490014,-1
3.928657e-05,-1
1.8234026e-05,-1
0.99986315,1
2.1157855e-05,-1
1.3534131e-05,-1
0.98134995,1
5.6837735e-06,-1
1.35920645e-05,-1
0.064553164,-1
0.00012375599,-1
0.9956115,1
0.99987745,1
0.019900193,-1
0.99999666,1
0.9995023,1
0.9993704,1
0.0005665799,-1
0.99979645,1
7.535566e-08,-1
0.99994266,1
0.9692572,1
0.9965403,1
0.99783367,1
0.99995625,1
0.00076264166,-1
4.2494157e-06,-1
9.8181656e-05,-1
8.8494176e-07,-1
0.017652417,-1
0.99957174,1
0.9672307,1
0.001634437,-1
0.0033868125,-1
0.99989665,1
0.98423797,1
0.8839047,1
0.9926334,1
0.00038486876,-1
0.9998951,1
0.99691796,1
0.8285734,1
0.99970955,1
0.99957305,1
5.542488e-05,-1
0.99998283,1
0.00011748047,-1
0.0002682239,-1
0.98966277,1
0.99999964,1
0.99999833,1
0.0004841187,-1
0.053315442,-1
6.25934e-05,-1
0.0018347595,-1
0.9995572,1
0.9999341,1
0.9999989,1
0.8801353,-1
0.6768604,1
0.99980015,1
7.487155e-07,-1
2.2493514e-05,-1
0.99899644,1
0.9909717,1
0.9998958,1
0.96246445,1
0.9999914,1
0.99116474,1
2.9362993e-06,-1
0.9998129,1
0.99979347,1
0.9995653,1
0.008811771,-1
0.000237527,-1
0.00022764446,-1
0.999438,1
0.5437567,-1
0.0003005877,-1
0.9999938,1
1.1918008e-05,-1
1.7857923e-05,-1
0.9988668,1
0.9998659,1
0.0036835277,-1
0.9999174,1
8.4548344e-07,-1
0.0009097912,-1
0.00024141386,-1
0.0020561197,-1
0.95722055,1
0.90591705,1
0.9997515,1
0.0019849583,-1
0.9991303,1
8.5506326e-05,-1
0.00029979894,-1
0.9984762,1
0.962992,1
0.0009459389,-1
2.1280235e-05,-1
0.99952936,1
0.9861735,1
0.9997969,1
0.9993437,1
0.00016071783,-1
2.938005e-06,-1
0.99721044,1
0.069510885,-1
0.9968964,1
0.9997962,1
7.741938e-05,-1
0.9999969,1
0.0018681928,-1
0.99965703,1
0.0015379773,-1
0.9998,1
0.9338088,1
8.7722976e-05,-1
0.9999325,1
0.9999335,1
0.0044878223,-1
0.0066450518,-1
0.9992555,1
0.99999964,1
0.9989837,1
0.994599,1
0.99121547,1
0.032467805,-1
0.0024989992,1
0.06033695,-1
0.9905131,1
0.99440515,1
0.9990946,1
0.01417903,-1
0.9988249,1
0.99934727,1
0.92834014,1
0.99997485,1
5.3534655e-05,-1
0.032989234,-1
0.0001027874,-1
0.9998957,1
6.486658e-05,-1
0.99994874,1
0.0002711055,-1
0.9817768,1
0.9999285,1
0.9960969,1
0.9998567,1
0.99999917,1
0.0008888494,-1
0.99895525,1
0.99980015,1
1.7391246e-06,-1
0.00057237275,-1
9.684039e-05,-1
0.99998724,1
9.2742666e-05,-1
6.0202918e-05,-1
0.9982284,1
0.99999154,1
0.00022342018,-1
3.7679903e-05,-1
0.9964012,1
0.00016436371,-1
0.9999989,1
0.00018612795,-1
0.9999906,1
0.9996623,1
0.9978867,1
0.24932313,-1
0.99998975,1
0.009218707,-1
1.2028738e-07,-1
0.9963625,1
0.070896804,-1
0.0011451135,-1
0.00035201904,-1
0.9999914,1
0.87583935,1
0.0060878024,-1
0.9999138,1
7.824187e-05,-1
0.99877065,1
0.99903667,1
0.999754,1
0.0026717237,-1
0.0019190785,-1
0.9999956,1
0.9999285,1
1.0,1
5.2180163e-05,-1
0.99995136,1
0.00023576306,-1
0.0005145986,-1
0.0041407696,-1
0.00022743683,-1
0.001128724,-1
0.00035509534,-1
0.98952395,1
0.99781764,1
0.0030887334,-1
3.223099e-07,-1
0.0017591646,1
0.9986802,1
2.3412967e-05,-1
0.96873456,1
0.8587821,1
0.99996805,1
0.9998963,1
0.98191166,1
0.99983144,1
0.99999917,1
0.0065266932,-1
0.99999046,1
0.99999845,1
0.99999845,1
0.00038428768,-1
0.9944646,1
0.99920744,1
0.9998653,1
0.9999989,1
0.99856865,1
0.9999988,1
0.015428665,-1
5.4538486e-05,-1
0.99970275,1
0.009132271,-1
0.9993986,1
3.2869855e-05,-1
0.9972916,1
0.5975216,1
0.98445106,1
0.99993956,1
0.00015767619,-1
0.9999144,1
0.96061623,1
0.0023015377,-1
0.0013808412,-1
0.00016553309,-1
0.99999547,1
9.113872e-05,-1
0.99998975,1
0.0015307706,-1
0.997707,1
0.03882594,-1
9.599169e-05,-1
0.99927634,1
0.0011214728,-1
0.78953743,1
0.0007736872,-1
0.9999684,1
0.021257147,-1
0.0119965,-1
0.00023815062,-1
0.9999287,1
0.0002956968,-1
0.0003963042,-1
0.99647397,1
1.1589004e-05,-1
0.9397397,1
0.00015457871,-1
0.9952691,1
0.00018111631,-1
0.96976143,1
0.0004920789,-1
0.9913756,1
0.00042653806,-1
5.404934e-06,-1
0.99937785,1
0.9852802,1
1.989719e-05,-1
0.99783546,1
0.96857923,1
0.00011996797,-1
0.9337546,1
0.74673814,1
0.002071195,-1
0.0030413424,-1
0.9999752,1
7.370638e-06,-1
0.0056589586,-1
0.006498994,-1
0.99598014,1
0.9974262,1
0.9970572,1
0.06585829,-1
0.99999976,1
0.0010791904,-1
7.693585e-06,-1
0.9920657,1
3.598488e-06,-1
6.1062815e-06,-1
0.9916998,1
0.00027808954,-1
9.332615e-05,-1
0.00048585923,-1
0.0020055168,-1
0.99997425,1
1.0,1
0.00034592036,-1
2.284126e-06,-1
5.36321e-05,-1
5.287893e-06,-1
0.9958547,1
0.006142216,-1
0.00032221034,-1
0.00011875717,-1
0.99169135,1
0.00045499028,-1
0.00017049,-1
0.00046404757,-1
0.9978125,1
0.9998287,1
0.0024270515,-1
0.0008542662,-1
0.9993395,1
0.6267888,1
0.99919206,1
3.4319313e-05,-1
0.012675431,-1
0.9998727,1
0.9999895,1
0.00023784563,-1
0.0060454593,-1
0.0150488615,-1
0.0020193849,-1
2.5978875e-06,-1
0.9999876,1
0.14491521,1
0.99999547,1
0.99999714,1
9.937634e-06,-1
0.920385,1
0.99916303,1
0.0041587804,-1
0.9832439,1
0.99486333,1
0.9994487,1
0.0002120333,-1
2.5150025e-06,-1
0.0010853052,-1
0.99997103,1
0.0017719951,-1
0.93776554,1
0.00044915575,-1
0.0009704138,-1
8.807726e-06,-1
0.9999511,1
0.99755955,1
0.1926124,-1
0.9993512,1
0.00017400045,-1
0.012956262,-1
0.34553578,-1
0.0011670014,-1
0.00011953997,-1
0.99999976,1
3.8711092e-05,1
0.00022597089,-1
6.739253e-05,-1
0.99999666,1
0.0023128355,-1
0.0001779617,-1
0.9870723,1
0.6216728,-1
0.9995834,1
0.118922494,-1
0.0025559622,-1
0.999488,1
8.945734e-06,-1
0.9999994,1
0.0041353125,-1
0.99998665,1
0.00060632505,-1
0.16016774,1
4.840853e-07,-1
0.9899221,1
0.00053804356,-1
0.99681383,1
0.9995136,1
0.021641137,-1
2.434032e-05,-1
0.0020482915,-1
0.9869847,1
0.039342433,-1
0.97418934,1
0.9999957,1
0.9994974,1
0.0010535095,-1
4.591728e-07,-1
0.9999994,1
1.0668118e-05,-1
0.04241572,-1
0.009929342,-1
0.00075955194,-1
0.01196403,-1
9.201313e-06,-1
0.00603747,-1
0.99933714,1
0.9999994,1
0.0010678981,-1
0.9935062,1
0.99900085,1
0.99967456,1
0.9998653,1
9.2222865e-05,-1
0.00862687,-1
0.99115855,1
0.9992912,1
0.9982653,1
0.005853783,-1
1.8705667e-05,-1
0.9998615,1
1.821668e-05,-1
0.99992,1
0.9973031,1
0.99977034,1
0.9999678,1
0.9972972,-1
2.5199502e-05,-1
0.99301803,1
0.00011555868,-1
0.0044486327,-1
0.9999863,1
0.99999154,1
0.006325436,-1
4.052024e-05,-1
0.99861705,1
0.00068964047,-1
0.9593013,1
0.0036988244,-1
0.9931657,1
0.9991536,1
0.9796141,1
1.6855355e-06,-1
2.3243801e-05,-1
0.0017362515,-1
6.2855084e-05,-1
0.99983394,1
0.00021763571,-1
0.502413,1
0.99953663,1
1.8143517e-05,-1
1.9182417e-06,-1
0.9972736,1
0.99988496,1
0.0001663535,-1
0.0038168246,-1
0.9999981,1
0.9751678,1
0.998494,1
0.000101360296,-1
0.00080826035,-1
0.99998367,1
0.0005390209,-1
0.00015514012,-1
6.455643e-07,-1
4.1190524e-06,-1
0.9995876,1
0.0014925074,-1
0.0029338717,-1
0.98872536,1
0.9999999,1
0.008446114,-1
0.0015549925,-1
0.99992406,1
0.99540895,1
0.015816974,-1
2.0421896e-05,-1
0.961978,1
0.9955509,1
0.0015437433,-1
0.0039323783,-1
0.9998815,1
0.9999927,1
1.2103989e-05,-1
0.9999927,1
0.99998236,1
0.32033965,1
0.0004270055,-1
0.0057471395,-1
0.999959,1
0.27759454,1
0.9998487,1
0.9943281,1
0.99965286,1
0.007241277,-1
0.014069593,-1
0.043100346,-1
0.9957671,-1
0.03281434,-1
0.9999379,1
0.0035481264,-1
0.112431616,-1
0.03911775,-1
0.02151755,-1
0.9999932,1
0.82257617,1
0.0004605214,-1
0.9998672,1
3.970351e-05,-1
7.587378e-05,-1
9.167188e-06,-1
2.0369574e-05,-1
0.9999759,1
0.9787612,1
6.8683726e-06,-1
0.010261171,-1
3.560844e-06,-1
0.068580456,-1
0.99981827,1
0.98118746,1
0.999796,1
0.9999895,1
0.001175074,-1
0.9999995,1
0.025552768,-1
0.999356,1
0.0065378956,-1
0.99993634,1
0.99985456,1
0.9998535,1
0.99928397,1
0.99513453,1
0.99999964,1
0.7562016,1
0.9999994,1
3.5055479e-07,-1
0.9999988,1
0.004113481,-1
2.276443e-06,-1
0.0075425534,-1
0.00011947867,-1
1.9637013e-05,-1
0.9998783,1
0.99998903,1
0.00025056946,-1
0.99663997,1
0.9990821,1
0.9885854,1
0.066285625,-1
0.0008767588,-1
0.9998492,1
0.998214,1
3.5246528e-06,-1
0.99804807,1
0.9967734,1
0.9999949,1
0.9997681,1
0.0003767799,-1
0.026654258,-1
6.0334386e-08,-1
0.0029367243,-1
0.99999166,1
0.9999713,1
8.83827e-05,-1
0.00047067273,-1
0.9999994,1
0.9994204,1
0.99999976,1
0.034051064,-1
1.3094734e-06,-1
0.000333166,-1
8.056758e-08,-1
0.00017554812,-1
0.99964464,1
0.004464714,-1
0.99999213,1
0.999819,1
0.99990046,1
0.99985003,1
0.9869912,1
0.00011108271,-1
0.99999654,1
0.99991477,1
0.9999982,1
0.051893048,-1
0.0003929585,-1
0.7280799,1
0.025294483,-1
0.0028999504,-1
0.9964186,1
0.00035480637,-1
0.9535411,1
0.0016728226,-1
0.9999913,1
0.00014222137,-1
0.00014875889,-1
0.9999665,1
0.9999951,1
0.0001965772,-1
0.0004197483,-1
0.9998566,1
0.99986076,1
0.9999999,1
0.99015754,1
0.99960095,1
0.9999553,1
9.564184e-05,-1
0.761831,1
0.23838791,-1
0.98123807,1
0.9995672,1
0.9997677,1
0.001853504,-1
0.0016386277,-1
0.9999908,1
0.00084030785,-1
0.9942814,1
0.999998,1
0.99999976,1
5.5899847e-05,-1
1.608488e-05,-1
0.012344504,-1
0.99905664,1
0.002483499,-1
2.2770118e-06,-1
0.031675745,-1
0.0026959316,-1
0.99999917,1
0.99903643,1
5.7015306e-05,-1
0.9995615,1
0.9999845,1
0.99996674,1
0.043882873,-1
0.9972715,1
0.99992263,1
0.9999367,1
0.0002656988,-1
0.0006001147,-1
1.3963891e-05,-1
0.00042278468,-1
0.9848739,1
0.0003622549,-1
0.999997,1
3.620537e-05,-1
0.9999782,1
0.00044795402,-1
0.037431866,-1
6.256735e-06,-1
8.84401e-06,-1
0.9999863,1
0.0017716222,-1
0.99610376,1
0.9999924,1
0.005032084,-1
0.9921634,1
0.00051660824,-1
1.0984547e-05,-1
0.0060847853,-1
9.8791825e-05,-1
8.468869e-05,-1
0.00040574317,-1
0.001215836,1
0.99556845,1
0.99861073,1
3.060911e-05,-1
0.0038248252,-1
0.031873338,-1
0.6164374,1
0.99997616,1
0.9997155,1
0.05917671,-1
0.99998975,1
0.00023535024,-1
0.9995055,1
0.0007369652,-1
2.3843563e-06,-1
0.9998248,1
0.9999968,1
0.9999813,1
4.903949e-06,-1
1.7938958e-06,-1
0.0018708968,-1
0.9948419,1
0.9997986,1
0.99999297,1
2.8379043e-06,-1
0.9996886,1
1.9965695e-05,-1
1.3967114e-05,-1
0.00022526745,-1
0.9999995,1
0.0126302885,-1
0.0004410296,-1
9.447024e-06,-1
0.99935514,1
0.80428785,1
0.99998665,1
0.99986434,1
0.9980519,1
3.3422886e-05,-1
0.9999956,1
0.9996532,1
0.0018569459,-1
0.0004316815,-1
0.99649566,1
0.00014119616,-1
0.9973911,1
0.02997543,-1
0.9999994,1
0.99998,1
6.334864e-05,-1
0.9157628,1
0.99992156,1
5.3458643e-05,-1
0.017296804,-1
0.0019894436,-1
0.9996424,1
0.9999989,1
0.9999106,1
0.89189756,1
0.9999932,1
2.8792518e-05,-1
0.0054305377,-1
0.998083,1
0.99973303,1
0.0069057215,-1
5.1878942e-05,-1
0.9963408,1
0.9999739,1
0.00013056635,-1
0.000143266,-1
0.9999987,1
0.99267405,1
0.004672544,-1
0.9999628,1
3.2836656e-06,-1
0.9999609,1
0.9997161,1
0.99790454,1
0.0005432048,-1
4.7294093e-06,-1
0.0011861032,-1
0.99971086,1
0.00018638546,-1
4.240123e-05,-1
0.0022328002,-1
0.0007642786,-1
0.00011030488,-1
0.00012624926,-1
7.1033655e-06,-1
4.444047e-05,-1
0.5356356,1
9.287524e-05,-1
0.9970952,1
0.99998903,1
1.5437533e-06,-1
0.9999993,1
0.8908412,1
0.99985635,1
0.99999404,1
0.99937135,1
0.9956761,1
0.047153115,1
0.99999464,1
0.005947473,-1
0.9999472,1
0.99991703,1
0.9967667,1
5.3184875e-05,-1
0.999181,1
0.00028688143,-1
0.9999064,1
0.9370431,1
1.0985163e-06,-1
0.9993236,1
0.99582505,1
0.9973073,1
0.8500803,1
0.1418485,-1
0.001800631,-1
0.00030012842,-1
0.9999348,1
0.0055133095,-1
0.99999154,1
0.0017202751,-1
0.93990344,-1
0.9985108,1
0.99998856,1
8.314018e-05,-1
3.7965823e-05,-1
0.89488536,1
0.00020294264,-1
0.99770665,1
0.9990784,1
9.8754346e-05,-1
2.2289696e-05,-1
0.000112779206,-1
9.114097e-05,-1
0.9999658,1
0.00061064435,-1
2.0448904e-05,-1
0.9999757,1
2.3564422e-07,-1
4.5605368e-05,-1
0.08840066,-1
0.947954,1
0.9999925,1
0.9999982,1
3.723067e-05,-1
0.99937576,1
0.6076429,-1
0.9999751,1
0.97793967,1
0.0007316902,-1
0.73589975,1
0.9999484,1
1.6193062e-05,-1
0.0015618866,-1
2.1356862e-05,-1
7.345979e-06,-1
0.99999726,1
0.998828,1
0.0002960497,-1
0.0012895168,-1
0.05430344,-1
0.002307491,-1
0.9999788,1
0.9996854,1
0.0037985693,-1
0.999889,1
0.21182685,-1
0.9999993,1
0.0010522562,-1
0.95579344,1
1.1710357e-07,-1
0.014508057,-1
0.00015626343,-1
0.9999907,1
0.00016316913,-1
0.113130964,1
0.0021168473,-1
0.99991167,1
0.004179397,-1
0.9958067,1
0.0008750269,-1
2.5415236e-05,-1
0.9999987,1
0.99912566,1
0.99993086,1
0.99996126,1
2.6415517e-05,-1
0.9996518,1
0.0010066302,-1
0.9999063,1
0.0013943154,-1
0.9904283,1
0.99967146,1
0.0015745426,-1
0.049037818,-1
0.00028529644,-1
0.9992281,1
0.00010727097,-1
0.99998856,1
0.9999194,1
0.00091684074,-1
0.00018212142,-1
0.99838114,1
0.998896,1
0.9990564,1
0.9999008,1
0.0042300927,-1
1.5159749e-06,-1
0.000111417285,-1
0.99999917,1
0.32536978,1
0.99916494,1
0.99996114,1
0.9999995,1
0.97148365,1
8.6547414e-05,-1
0.9982571,1
1.2030534e-05,-1
0.0011319381,-1
0.9999877,1
9.3300855e-07,-1
0.0016222764,-1
0.00044189754,-1
0.0001429444,-1
0.99899715,1
0.0042979955,-1
3.783964e-05,-1
0.99992406,1
0.0058275624,-1
9.880483e-05,-1
0.037714183,-1
0.87210345,1
0.99999046,1
0.0037357344,-1
0.9998448,1
0.9333841,1
0.9997441,1
0.0026678815,-1
0.9995484,1
0.99667287,1
0.0032704633,-1
0.99980253,1
0.04508879,-1
0.9999982,1
0.999982,1
3.999742e-05,-1
0.99999964,1
0.014006523,1
0.9999367,1
0.9999981,1
0.99984264,1
0.018535484,-1
0.94565225,1
0.029627172,-1
0.74470335,1
0.00016553166,-1
0.9987777,1
0.0010894851,-1
5.671218e-06,-1
0.0010640151,-1
0.9998995,1
4.1182157e-06,-1
0.0016873763,-1
0.00012779768,-1
0.00037732758,-1
0.035013475,-1
1.4234169e-05,-1
0.9999969,1
0.00017178993,-1
0.99999547,1
0.9999995,1
0.0002363338,-1
0.9999515,1
0.9999939,1
5.921443e-06,-1
0.0006369626,-1
0.054609343,1
0.9999999,1
0.00021878417,-1
0.0002863431,-1
0.00014153021,-1
0.99996686,1
0.99597824,1
0.015688239,-1
0.0018386644,-1
0.9999783,1
7.957617e-06,-1
0.99975055,1
0.9999999,1
2.6258216e-05,-1
0.9997931,1
7.434785e-05,-1
0.99887425,1
0.98933196,1
0.01426256,-1
0.9993747,1
0.0048692515,1
3.0291316e-05,-1
0.17418149,-1
0.00010572827,-1
0.9999913,1
0.0008708805,-1
0.9991536,1
0.000526882,-1
0.01742058,-1
0.999881,1
0.99958223,1
0.019837774,-1
0.0012187632,-1
0.00010654726,-1
0.9969465,-1
0.9983714,1
2.617189e-05,-1
0.9965863,1
0.0009493727,-1
0.9996836,1
0.99996734,1
0.030297097,-1
2.0932112e-05,-1
0.99998224,1
0.010732975,-1
1.2499883e-05,-1
0.9998418,1
0.9999862,1
0.98358166,1
0.99930465,1
0.00431868,-1
0.99962926,1
0.99971086,1
2.2507676e-05,-1
0.999818,1
0.99999344,1
0.0023529308,-1
0.9907424,1
1.9088662e-05,-1
0.998546,1
0.0043986156,-1
0.0027751036,-1
1.0407387e-05,-1
0.00067822734,-1
0.99994147,1
0.9999987,1
0.99999917,1
0.013890793,-1
0.0017110434,-1
0.9998159,1
0.004594891,-1
0.0038961845,-1
4.4466265e-06,-1
0.0006576342,-1
0.74451977,1
0.024023918,-1
0.9976501,1
0.9980724,1
4.140665e-05,-1
0.9999995,1
0.90431,1
3.6138383e-05,-1
0.01898923,-1
3.3398228e-05,-1
0.040035404,-1
0.0018631393,-1
0.9992906,1
0.54751676,1
0.99998224,1
3.1554107e-05,-1
0.9998872,1
0.9956856,1
0.9982761,1
0.99633324,1
0.0025189633,-1
0.002752081,-1
0.99997354,1
0.9997464,1
6.5424833e-06,-1
0.007232329,-1
0.0007156763,-1
2.077659e-05,-1
0.99999535,1
0.9994479,1
0.025727872,-1
0.9821852,1
0.9992999,1
0.99522495,1
0.91638345,1
0.9991462,1
0.99999857,1
0.9999225,1
0.99944204,1
0.9999411,1
0.99995244,1
8.638951e-05,-1
0.00016310287,-1
0.9974113,1
0.009534619,-1
0.91946256,1
0.00015631945,-1
0.9998254,1
0.99938023,1
0.9999852,1
9.320702e-06,-1
0.99919385,1
0.99326175,1
4.299342e-06,-1
7.980113e-05,-1
0.9990532,1
0.99967146,1
0.9998524,1
0.0052978373,-1
0.00034658652,-1
0.9984603,1
0.0009156853,-1
0.008416168,-1
0.021082265,-1
0.0019479026,-1
0.0010643805,-1
0.99925417,1
0.13789028,1
0.9999888,1
0.012478278,-1
0.00029319528,-1
0.99999344,1
0.00021381944,-1
0.0049918904,-1
0.00039773504,-1
0.0015834915,-1
0.0063636946,-1
0.00018045439,-1
0.99999917,1
0.99981755,1
0.9414364,1
0.012320981,-1
4.5318898e-06,-1
0.9998977,1
0.999972,1
6.8452377e-06,-1
0.005021107,-1
0.99994814,1
0.99362344,1
0.00029829555,-1
0.00022516395,-1
0.0009558708,-1
3.132343e-05,-1
0.9994394,1
0.9999627,1
0.9999819,1
0.07525398,1
0.21877751,-1
0.9977481,1
6.9361718e-06,1
0.04264399,-1
0.999094,1
0.99999833,1
0.011802649,-1
3.0118286e-05,-1
0.9999629,1
0.008985824,-1
0.015544187,-1
0.9876852,1
0.9999684,1
0.0046556666,-1
5.645295e-06,-1
0.99930966,1
2.6041535e-05,-1
2.9853395e-06,-1
2.7814604e-05,-1
7.8856e-06,-1
0.9999995,1
0.001017836,-1
0.9999864,1
0.0075613013,-1
0.9991543,1
0.9959413,1
0.7592512,1
6.458087e-05,-1
0.99999774,1
6.181237e-05,-1
0.9999665,1
0.9995421,1
0.99964106,1
0.983968,1
0.9982835,1
0.99973804,1
0.999995,1
0.9997683,1
0.0019539047,-1
0.00012852359,-1
0.9999995,1
0.0016322219,-1
0.9999888,1
0.8912304,1
0.99999523,1
0.9970714,1
0.00023084895,-1
0.9996865,1
0.9999957,1
0.648985,1
8.210398e-07,-1
0.9997689,1
0.05628567,-1
0.00023252427,-1
0.14319861,-1
0.010820812,-1
0.006270108,-1
0.0031698325,-1
0.99999964,1
0.99999285,1
1.0020638e-05,-1
0.053990047,-1
0.01495557,-1
0.00012694809,-1
0.9971264,1
0.011153329,-1
0.002487411,-1
0.0008762204,-1
0.0031204787,-1
0.0005456502,-1
0.99823415,1
0.045436278,-1
0.00028530078,-1
1.3865654e-05,-1
0.016116833,-1
6.965396e-05,-1
0.011472599,-1
0.000260488,-1
0.99964225,1
8.702817e-05,-1
0.00031945383,-1
1.2433722e-05,-1
0.99999094,1
0.9999999,1
0.9387578,1
0.00012985512,-1
0.99999106,1
4.0860155e-05,-1
0.0005927766,-1
0.0026918561,-1
0.9993241,1
0.03485141,-1
0.9042621,1
0.99999535,1
0.002800746,-1
0.00060581265,-1
0.02106909,-1
0.0011107641,-1
0.004637184,-1
0.9998293,1
0.9999975,1
0.99998057,1
0.99570954,1
0.99461865,1
0.99855274,1
9.268642e-05,-1
0.05460009,-1
1.4536382e-06,-1
0.00037779275,-1
0.9999924,1
6.7580775e-05,-1
0.0012535803,-1
0.0014905261,-1
0.9999956,1
0.00023959411,-1
0.9997688,1
0.99989974,1
0.9995352,1
0.015788369,1
0.99953127,1
0.9989742,1
2.4253915e-05,-1
0.0011098029,-1
3.1494616e-05,-1
0.99998,1
0.040730685,-1
0.9999902,1
0.05806965,-1
0.99999917,1
0.99999857,1
0.9617367,1
0.999453,1
0.00030865514,-1
8.937328e-05,-1
0.999987,1
0.001408822,-1
0.9997123,1
0.9999968,1
1.0825196e-05,-1
0.0033529066,-1
0.00012334304,-1
0.10731298,-1
0.0014999436,-1
0.99998367,1
4.9299313e-05,-1
0.0001079962,-1
7.412471e-05,-1
0.9922516,1
0.99994063,1
0.9999548,1
0.99976045,1
0.00016788869,-1
0.9999958,1
0.9963983,1
0.99988854,1
0.00030597954,-1
0.99528533,1
0.022667319,1
0.00013366832,-1
0.007863723,-1
0.9998871,1
0.0006174966,-1
6.7290284e-07,-1
0.9997745,1
8.743044e-05,-1
0.0012366358,-1
0.0007996443,-1
0.9993462,1
0.99941874,1
0.9484142,1
0.022663284,-1
0.003080113,-1
0.00021722438,-1
0.003905897,-1
0.9993819,1
0.0013691952,-1
0.99995756,1
0.99991953,1
0.022888571,-1
0.000101767444,-1
0.97440594,1
5.6491255e-05,-1
0.9990038,1
0.99574214,1
0.0906347,-1
4.606484e-05,-1
0.012346074,-1
0.9988463,1
0.9999465,1
0.9279398,1
0.9968033,1
0.00016124571,-1
0.9997501,1
0.9889023,1
0.9964529,1
0.9981018,1
0.0062530884,-1
0.99997354,1
0.0063534845,-1
0.9999211,1
0.002405552,-1
0.0069524255,-1
0.00047007462,-1
0.008078153,-1
0.0010829123,-1
0.0037343733,-1
0.9997024,1
0.00025547802,-1
0.9994962,1
0.0019467099,-1
0.0006469385,-1
5.0904928e-05,-1
0.9999392,1
0.00058717775,-1
0.0009454191,-1
0.00018760968,-1
0.99998534,1
0.00019264586,-1
0.24037138,-1
0.00029200548,-1
0.9997968,1
0.9900152,1
0.24756971,-1
0.9991703,1
0.00038227424,-1
0.99097365,1
0.064412236,-1
3.3349654e-06,-1
0.9999869,1
0.9998895,1
0.99998844,1
0.9968767,1
0.99900466,1
0.99997926,1
0.99998915,1
7.524226e-05,-1
0.97158575,1
0.013469834,-1
0.99578494,1
0.008111209,-1
5.40885e-05,-1
0.0007377111,-1
0.997474,1
0.002431919,-1
0.0009255727,-1
0.99986804,1
0.0002808641,-1
0.1401006,-1
0.002296608,-1
0.9992454,1
0.9981688,1
1.649684e-05,-1
0.99998724,1
0.00085161463,-1
0.0002694735,-1
0.9952572,1
0.99998,1
0.22241126,-1
0.8496154,1
0.12972036,-1
0.0068574003,-1
0.9773852,1
0.9993887,1
0.041626513,-1
0.99997485,1
0.025479263,-1
0.9999733,1
0.03985516,-1
0.992014,1
0.9996909,1
0.99931884,1
0.04375318,-1
0.99964035,1
0.99921167,1
3.307391e-06,-1
0.9961493,1
0.11931932,-1
0.99905807,1
0.9981567,1
0.998563,1
0.0015152178,-1
0.0041210316,-1
0.00022250056,-1
0.055414353,-1
0.9997305,1
0.9993067,1
0.00023090222,-1
0.9996817,1
0.00027336748,-1
0.01391504,-1
0.99718153,1
0.00018932331,-1
0.99983656,1
1.9988352e-06,-1
0.0002573912,-1
0.99992204,1
0.01580674,-1
0.9994537,1
0.99992883,1
0.037311118,-1
0.13535608,-1
0.99906415,1
0.99988997,1
0.03285595,-1
1.0729683e-05,-1
0.14561786,-1
0.0071761687,-1
0.0013660528,-1
0.8822345,1
0.02854496,-1
0.99658537,1
0.9998481,1
0.00018896334,-1
0.9998778,1
0.007482911,-1
0.00043226167,-1
1.2117306e-05,-1
0.0045118933,-1
0.56531954,-1
4.017855e-05,-1
0.0021633324,-1
0.99992025,1
0.99999213,1
0.0027608108,-1
0.9526746,1
0.98647356,1
0.9999895,1
0.021400692,-1
0.006444456,-1
0.98546094,1
0.9994704,1
0.9998217,1
0.9993881,1
0.002021927,-1
0.8878675,1
0.7659965,-1
0.0023145964,-1
0.9949214,1
0.00043975672,-1
0.9972838,1
0.48271197,1
0.9999968,1
0.00027762674,-1
0.99992585,1
0.0482759,-1
0.99833953,1
0.0016512304,-1
0.99668795,1
0.00024756358,-1
0.9995365,1
3.1282594e-05,-1
0.99954706,1
0.010148953,-1
0.0058718813,-1
0.069562905,-1
0.0012072956,-1
0.9995846,1
0.054985065,-1
0.9999062,1
0.99723214,1
0.99999607,1
0.00503565,-1
0.98694474,1
0.19107047,-1
0.0002598342,-1
0.97253,1
0.99998975,1
0.9999951,1
0.9999864,1
0.0013860475,-1
0.9999964,1
0.99967206,1
0.00023964161,-1
0.99974746,1
0.9925431,1
0.0042752945,-1
0.049997807,-1
0.00040919945,-1
0.99996376,1
0.99961615,1
0.05826514,-1
0.9935282,1
0.02540938,-1
0.86525995,-1
0.0038791462,-1
1.0871452e-05,-1
0.9996307,1
0.99925286,1
0.011540572,-1
0.9998462,1
0.0008329875,-1
0.0012290705,-1
0.0014267898,-1
0.99999964,1
0.0026559238,-1
0.99983466,1
0.54145026,-1
5.1737494e-05,-1
0.00015585955,-1
1.5169008e-05,-1
4.6239125e-05,-1
0.001331944,-1
0.9983021,1
2.1805345e-05,-1
0.99973565,1
0.9995915,1
0.0013974167,-1
0.0003501921,-1
0.7655248,1
0.050279304,-1
0.024740154,-1
0.00080541294,-1
0.9996791,1
6.0176222e-05,-1
0.9999887,1
0.00067301607,-1
0.23992756,1
0.99983203,1
0.0002124763,-1
0.9999634,1
0.9995121,1
0.99446553,1
0.00079432724,-1
0.0022100222,1
0.9997899,1
0.011930042,-1
0.99930906,1
0.9989611,1
0.00027568307,-1
0.87218845,1
0.9999306,1
0.010702406,-1
0.98959166,1
3.7709056e-06,-1
1.8094719e-05,-1
0.8556336,-1
0.003696009,-1
0.9996972,1
0.013464545,-1
0.1429141,-1
0.0027060604,-1
0.0069953906,-1
0.9999926,1
0.0016160544,-1
0.04008689,-1
0.024430977,-1
5.395468e-06,-1
0.0014586992,-1
0.9998301,1
0.00043602422,-1
0.00026591166,-1
0.22904092,-1
0.99958926,1
8.285683e-05,-1
0.97959864,1
0.9997737,1
0.000103532846,-1
0.09187854,-1
0.0008719616,-1
0.99267125,1
0.00047469794,-1
0.9999975,1
0.99987376,1
0.013867162,-1
0.9995988,1
0.99932396,1
0.00039503517,-1
0.99690443,1
0.011053255,-1
0.0002473781,-1
0.9834699,-1
0.9997793,1
0.9990971,1
0.03874225,-1
0.999795,1
0.00056468166,-1
0.0074723153,-1
0.14270845,-1
0.0011803511,-1
0.0021051143,-1
0.31978342,-1
0.002834223,-1
0.9834663,1
0.99821633,1
0.00012510849,-1
0.9999943,1
0.99970585,1
0.9914486,1
0.0046927165,-1
0.9905155,1
0.018091714,-1
0.0042968616,-1
0.99931705,1
0.99981195,1
0.9952938,1
0.0003262824,-1
0.99999213,1
0.022807768,-1
0.0011008284,-1
0.99956805,1
0.0007213318,-1
0.008216903,-1
0.00092824333,-1
0.99561787,1
0.014105827,-1
0.08844816,-1
0.103768446,-1
0.9982476,1
0.9939319,1
0.99999106,1
0.0011812779,-1
0.045367833,-1
0.000988903,1
0.9997003,1
0.9999647,1
0.9859525,1
0.9997514,1
0.99878734,1
0.5773375,1
0.99995327,1
0.9972294,1
8.3608385e-05,-1
0.9996829,1
0.99999464,1
0.7286537,1
0.00028299808,-1
0.9996276,1
0.9999993,1
0.017397357,-1
0.022529868,-1
0.9999974,1
0.065618955,-1
3.8118662e-05,-1
0.021049583,-1
5.9591406e-05,1
4.7807178e-05,-1
0.99986243,1
0.9999819,1
0.14534755,1
0.011243787,-1
0.7282478,-1
0.99666226,1
0.036317974,-1
0.9995436,1
0.0003083031,-1
0.99993265,1
0.9999238,1
0.11185905,-1
0.9888425,1
0.015622413,-1
0.9998635,1
0.99997497,1
0.9993562,1
0.0027161606,-1
0.0013202651,-1
0.89729,1
0.9904929,1
0.017970838,-1
0.00018286792,-1
0.99977535,1
0.9995084,1
0.9997422,1
0.030916093,-1
0.9995586,1
0.9998535,1
0.00074592733,-1
0.9904952,1
0.9999672,1
3.9777756e-06,-1
0.99789965,1
0.030440448,-1
0.000103107726,-1
0.98105687,1
0.99494165,1
0.9999962,1
0.00041354372,-1
0.39560395,-1
0.018781258,-1
0.0008425556,-1
8.688745e-05,-1
0.00038677605,-1
2.4978184e-05,-1
0.44735363,-1
0.00032752813,-1
0.18559745,1
3.137219e-05,-1
0.9944688,1
0.9999987,1
0.00012882924,-1
3.8460503e-06,-1
0.008897623,-1
0.98363066,1
0.043192193,1
0.9992372,1
0.9993204,1
0.0003108976,-1
0.4924049,-1
0.99421567,1
0.99980015,1
0.019603424,-1
0.03072562,-1
0.0009452375,-1
0.9997788,1
0.9999038,1
0.01089078,1
0.99907434,1
0.9992324,1
0.99446553,1
0.97441894,1
3.0048142e-05,-1
0.0004606127,-1
0.9838591,1
0.552329,-1
0.60411465,-1
0.014703522,-1
0.9965713,1
3.887461e-06,-1
0.0061800084,-1
0.0002641142,-1
0.9996371,1
0.0004744767,-1
0.003148705,-1
0.9999794,1
0.9939282,1
0.00024212085,-1
0.0019955367,-1
0.9999262,1
0.99930096,1
0.99999714,1
0.97270864,1
0.99998975,1
0.7973302,1
0.99885476,1
0.9471608,1
0.0003151036,-1
0.9975349,1
0.10380308,-1
0.99978334,1
8.8690016e-05,-1
0.033332497,-1
0.08338407,-1
0.9999615,1
0.06007394,-1
0.97615266,1
0.07250022,-1
0.0013356495,-1
0.003343995,-1
0.0022531557,-1
0.9999974,1
0.9975368,1
0.9998826,1
0.0017726532,-1
0.07703965,-1
0.999772,1
0.9848149,1
0.9992704,1
0.9997998,1
0.004445492,-1
0.9999839,1
3.3710112e-05,-1
0.23726495,-1
0.99015594,1
0.00025467525,-1
0.00017398386,-1
0.00031817454,-1
0.3614026,-1
0.99903584,1
0.9997441,1
0.9999058,1
0.0071121566,-1
0.9995012,1
0.9947924,1
0.0008211487,-1
0.0006240241,-1
7.974758e-05,-1
0.9951139,1
0.23603928,-1
0.0015552088,-1
0.9999478,1
0.99988127,1
0.050085716,-1
0.9999795,1
1.7003016e-06,-1
0.0043882052,-1
0.9512801,1
0.00087438436,-1
0.977734,1
0.9991391,1
0.04470932,-1
0.99994516,-1
0.18061334,-1
0.9999982,1
0.9999479,1
0.003918161,-1
0.0056623504,-1
0.99467397,1
0.99932384,1
0.011426982,-1
0.00077751424,-1
0.99991894,1
0.9996158,1
0.97490275,1
0.0023392776,-1
0.99979156,1
0.053606298,-1
3.133789e-05,-1
0.9999943,1
0.00019862725,-1
9.991565e-05,-1
0.07527761,-1
0.00039552167,-1
0.017879937,-1
0.0023179331,-1
0.99999344,1
0.0047953515,-1
5.570105e-05,-1
0.13885513,-1
0.0001800996,-1
0.02873681,-1
0.9999056,1
4.191897e-05,-1
0.8300657,1
0.9959615,1
0.9997118,1
0.99998224,1
0.0055281925,-1
0.0024183227,-1
0.012368817,-1
0.00076432363,-1
0.0023479695,-1
0.99894255,1
0.9998888,1
0.429783,1
0.99999785,1
0.9947213,1
0.9998016,1
0.013222883,-1
0.99976057,1
0.99997926,1
0.12890022,-1
0.9996222,1
0.9999721,1
0.15299918,-1
0.99993587,1
5.4643027e-05,-1
0.02054029,-1
0.9999491,1
0.009126547,-1
0.0009348588,-1
7.841905e-05,-1
0.9997873,1
0.9966857,1
4.213171e-06,-1
0.9992924,1
0.9935434,1
0.9996952,1
0.9994993,1
0.9999666,1
0.9954205,1
0.0005947319,-1
0.0003729963,-1
0.99996495,1
0.0010319684,-1
0.00205097,-1
0.019643117,-1
0.00076181215,-1
7.70983e-05,-1
0.0018266715,-1
0.99999726,1
0.99967146,1
0.997775,1
0.0033847934,-1
0.0031289344,-1
0.027276514,-1
0.9999702,1
4.0999268e-05,-1
0.99842846,1
0.10016612,-1
0.06370882,-1
0.0007509599,-1
0.9984211,1
0.99716836,1
0.018619647,-1
0.9999988,1
0.000101164274,-1
0.0009994636,-1
0.99931383,1
7.903781e-05,-1
0.9856344,1
0.002211383,-1
0.39075428,-1
0.14388104,-1
0.91666365,1
0.9140185,-1
0.00056852686,-1
0.9989447,1
0.0008357402,-1
0.9999957,1
0.99992776,1
0.7667183,1
0.012631667,-1
0.9946496,1
0.0021454233,-1
0.991916,1
0.00316751,-1
0.0005870339,-1
0.008766036,-1
0.0010574043,-1
0.00014397719,-1
0.9942116,1
0.9972536,1
0.997924,1
0.9148903,1
0.9999616,1
0.98549575,1
0.0030183094,-1
0.9971539,1
0.0017282236,-1
0.9986142,1
0.00078046194,-1
0.9998381,1
0.010151482,-1
0.9999472,1
0.007910928,-1
0.0001746181,1
0.00067265664,-1
0.0015714923,-1
0.9710952,1
0.9996886,1
0.98491156,1
0.99727386,1
5.9753806e-06,-1
5.4300184e-05,-1
0.9994536,1
0.10899716,-1
0.9998747,1
0.4363877,-1
0.99989986,1
0.99999833,1
0.99911994,1
0.00041153037,-1
0.00025693807,-1
0.99836665,1
0.0042877947,-1
0.5489805,1
0.004743552,-1
0.99952173,1
0.95156693,1
0.9994636,1
0.011262265,-1
0.012253169,1
0.004569681,-1
0.19074133,-1
0.011392043,-1
2.6097394e-05,-1
0.062319454,-1
0.99981254,1
0.9850691,1
0.9999876,1
0.99946016,1
0.99999,1
0.9999876,1
0.0002947401,-1
0.063962065,-1
1.2154596e-05,-1
0.9999763,1
8.447697e-06,-1
0.9999534,1
0.00036803682,-1
0.001582074,-1
0.16912355,-1
0.013478226,-1
0.0008012261,-1
0.00014000564,-1
0.00084458926,-1
0.9983169,1
0.999607,1
0.010395435,-1
0.9999933,1
0.0002671762,-1
7.088766e-05,-1
0.99868876,1
0.0010406199,-1
0.99992144,1
0.99999464,1
0.00041270585,-1
0.0029243256,-1
0.99994135,1
0.99856156,1
0.9998273,1
0.9998678,1
0.0036732103,-1
0.9996538,1
0.9997414,1
0.01606201,-1
0.85598713,1
0.9999223,1
0.99820244,1
2.345592e-05,-1
0.004330953,-1
0.13932204,-1
1.5806707e-05,-1
0.003825263,-1
0.9954209,1
2.2616076e-05,-1
0.99980813,1
0.9986278,1
0.9999423,1
5.5561727e-06,-1
0.00029325762,-1
0.99999297,1
0.99913186,1
0.9832654,1
7.405321e-05,-1
0.9999075,1
0.99980253,1
6.0222323e-05,-1
0.9999783,1
0.9999167,1
0.9838864,1
0.99999475,1
0.008120156,-1
0.0020881153,-1
0.9996061,1
0.0009955694,-1
0.00014142241,-1
0.9999187,1
0.00010571698,-1
0.0001289706,-1
0.9613427,1
0.018873142,-1
0.99999404,1
0.3846324,1
0.0143858045,-1
0.99999714,1
0.99993265,1
0.99999917,1
0.00061419676,-1
0.91025245,1
0.00080505194,-1
0.0013927892,-1
0.9999714,1
0.00014041075,-1
0.99967384,1
0.056998067,-1
0.99995196,1
0.017215407,-1
0.9772444,1
0.99951446,1
0.99912757,1
0.00041096663,-1
0.80403,1
0.99968195,1
0.9999299,1
0.00015550652,-1
0.99998796,1
0.0038506598,-1
0.9730566,1
0.99956936,1
0.9983608,1
0.99997365,1
0.9993162,1
0.9846986,1
0.0004315887,-1
0.99999905,1
0.00034459535,-1
0.99559337,1
0.0007967592,-1
0.9999857,1
0.99999726,1
0.0004715206,-1
0.99919695,1
0.9997229,1
0.003304388,-1
0.99999547,1
0.0004063881,-1
2.127117e-05,-1
0.99709725,1
0.9996954,1
0.27404502,-1
0.99712414,1
0.005967226,-1
0.0048962384,-1
0.9943673,1
0.99991846,1
0.0009140897,-1
0.9997887,1
0.9992079,1
0.9990126,1
0.99997926,1
0.008043283,-1
0.00022952378,-1
0.99999106,1
0.00013898265,-1
0.9088409,1
7.387913e-05,-1
4.862561e-05,-1
0.9989826,1
0.8645007,-1
0.9999486,1
0.99961483,1
0.9906668,1
0.9999889,1
0.94128907,-1
0.9992448,1
0.9999801,1
0.99670535,1
0.031312954,-1
0.99954116,1
0.0024129706,-1
0.012521805,-1
0.9861339,1
3.1573854e-05,-1
0.9994368,1
0.9986481,1
0.99994755,1
0.08172643,-1
0.000375547,-1
0.015470342,-1
0.999258,1
0.999926,1
0.99998724,1
0.99970645,1
0.99998665,1
0.9996038,1
0.8876821,-1
0.99998176,1
0.0013602808,-1
0.99778134,1
0.22308926,-1
0.99998474,1
0.9947955,1
0.0010626004,-1
0.9948066,1
0.0002233972,-1
0.008224332,-1
0.06585038,-1
0.1844164,1
0.0014038747,-1
0.99998605,1
4.655954e-06,-1
0.99968874,1
0.005425281,-1
0.9999844,1
0.99926776,1
0.000118715274,-1
0.9998097,1
0.9996383,1
0.024614286,-1
0.9999449,1
0.9994673,1
0.0071563954,-1
0.04411194,-1
0.99993634,1
0.9969836,1
0.48949724,-1
0.9953158,1
0.93703216,1
0.00045211046,-1
0.001553918,-1
0.99866474,1
0.99997115,1
8.198715e-06,-1
0.00013158133,-1
0.0016792478,-1
6.559781e-05,-1
0.9996309,1
0.9975756,1
0.003429081,-1
0.99704343,1
0.9999641,1
4.830417e-05,-1
0.999033,1
0.99999213,1
0.0023929758,-1
0.250378,1
0.9918976,1
0.9794209,1
0.00014746073,-1
3.4870314e-05,-1
0.007592273,-1
0.9932314,1
0.90194386,1
0.9991091,1
0.98201156,1
0.99997556,1
0.9997794,1
0.9985246,1
0.99980384,1
0.99216664,1
6.24194e-05,-1
0.8759332,1
0.9954803,1
0.99370015,1
6.0501035e-05,-1
0.99976295,1
0.99807346,1
8.0346326e-05,-1
0.9958478,1
0.10458697,-1
2.2172371e-05,-1
0.99897397,1
0.9999546,1
0.102734715,1
0.983232,1
7.197414e-06,-1
0.0006225633,-1
0.00066575996,-1
0.99984956,1
0.00043183833,-1
0.96850675,1
0.00011272738,-1
0.99836236,1
0.0002314696,-1
0.99182254,1
0.7805795,1
0.9685191,1
0.99987435,1
0.8725668,1
0.9999603,1
3.1221535e-07,-1
0.00010407281,-1
0.98867166,1
2.2274751e-08,-1
0.99929714,1
0.000116478455,-1
0.9993837,1
1.2836872e-08,-1
0.6767065,1
0.45664656,1
0.00041630215,-1
3.6429826e-06,-1
0.9983437,1
6.9863863e-06,-1
7.4080863e-06,-1
0.0007420021,-1
0.9868326,1
0.019130204,-1
0.85423845,1
2.4767221e-05,-1
9.3971033e-07,-1
0.075960495,-1
7.851265e-05,-1
1.7009019e-07,-1
0.9914466,1
0.00095466117,-1
2.0683217e-05,-1
0.5441993,1
0.9999443,1
5.190774e-07,-1
2.1006696e-07,-1
0.998509,1
0.8585671,1
6.0968487e-06,-1
0.99998975,1
4.986284e-06,-1
0.023955932,-1
0.014265523,-1
0.022336997,-1
0.017637191,-1
0.9994103,1
0.99708337,1
0.0005162986,-1
0.8530757,1
0.40297312,-1
3.190252e-07,-1
2.1540913e-05,-1
0.99552095,1
0.9997044,1
0.9996604,1
0.9346118,1
0.26350787,1
0.9995284,1
0.9999924,1
7.677981e-05,-1
3.2946193e-06,-1
0.9601173,1
0.9955662,1
0.9997502,1
2.5851845e-05,-1
4.221639e-07,-1
0.9997918,1
2.280963e-05,-1
0.00033326668,-1
0.94895923,1
6.4680994e-06,-1
8.316555e-05,-1
0.0002633739,-1
0.00033844696,-1
0.9981286,1
0.9943481,1
0.99997854,1
0.99988294,1
0.99973136,1
0.9999862,1
0.8272531,1
0.0012455313,-1
0.016725205,-1
0.9996815,1
0.7555908,1
0.9528706,1
0.999998,1
0.001270528,-1
0.99999547,1
0.9987042,1
1.7178752e-06,-1
8.36757e-05,-1
0.99884075,1
4.7316018e-05,-1
0.0012792234,-1
0.99993837,1
1.7321792e-06,-1
0.99787045,1
0.09602061,-1
0.9542135,1
0.5273928,1
8.715688e-06,-1
5.711262e-06,-1
0.0072830766,-1
0.99888676,1
1.8939747e-07,-1
5.7853995e-06,-1
0.9999987,1
0.0007432069,-1
0.9985092,1
0.9997675,1
0.005380927,-1
0.0004129949,-1
1.299535e-05,-1
2.9244751e-05,-1
0.000102328544,-1
0.9998568,1
2.5457457e-06,-1
0.003840646,-1
0.96757543,1
0.9934988,1
0.00013011703,-1
1.3944203e-06,-1
0.9626353,1
0.9554047,1
0.00020948602,-1
1.5140446e-06,-1
0.0071015707,-1
0.00050859037,-1
0.9999987,1
0.0054471386,-1
0.00013313419,-1
0.9999857,1
0.99996245,1
0.9997911,1
3.4918703e-05,-1
4.4775978e-05,-1
0.9374644,1
0.0020120642,-1
0.9999509,1
1.269925e-06,-1
0.9963988,1
0.55069584,1
2.4846258e-06,-1
0.99911374,1
0.9964619,1
0.9636344,1
0.982263,1
0.00011709429,-1
8.246713e-06,-1
0.00053181447,-1
0.006328532,1
9.72562e-06,-1
0.6426687,1
0.9824979,1
0.0025891587,-1
0.9999857,1
0.00022769178,-1
0.99948573,1
0.9741408,1
0.9896013,1
0.9973054,1
0.00035768395,-1
0.9642342,1
0.00084905064,-1
9.308443e-06,-1
0.043555327,-1
5.0766585e-06,-1
0.99999714,1
0.98493564,1
0.9955955,1
0.5231708,1
4.264759e-05,-1
0.99963,1
0.9918624,1
0.9990208,1
0.997686,1
0.8690165,1
4.722302e-06,-1
9.1955235e-06,-1
0.5492302,1
0.00011737298,1
4.0973977e-05,-1
0.0024701313,-1
2.0592057e-05,-1
0.9656073,1
4.375138e-06,-1
0.99836284,1
0.00013491145,-1
0.0007667442,-1
0.99916315,1
0.94708306,1
0.99975485,1
2.0241798e-06,-1
0.9794799,1
0.00028935474,-1
0.90278184,1
0.9948773,1
0.00046564278,-1
0.42368627,1
0.0039489204,-1
0.99555016,1
0.9931612,1
2.422227e-05,-1
0.97936195,1
0.00014197585,-1
0.99688244,1
0.90677047,1
0.002529513,-1
0.0009750262,-1
0.10131427,-1
6.559575e-05,-1
0.992691,1
0.9979455,1
0.99999976,1
0.99862754,1
0.9995821,1
0.00420842,-1
0.9998568,1
0.99969447,1
0.9998803,1
0.99825686,1
0.9993994,1
0.99747854,1
0.9987846,1
0.0001395964,-1
1.7974482e-05,-1
6.792874e-06,-1
0.9998964,1
2.2919062e-07,-1
0.0006047402,-1
2.6122718e-05,-1
0.9999987,1
0.99994314,1
0.73669153,1
0.00016729519,-1
2.8888866e-07,-1
0.85313374,1
0.00049517234,-1
0.99632347,1
0.9999945,1
0.9999641,1
0.99998105,1
0.96108603,1
0.8610411,1
4.9156833e-06,-1
0.7612931,-1
0.04552008,-1
0.15672205,1
0.9613631,1
1.1376566e-05,-1
0.9936386,1
0.9990375,1
0.9443078,1
0.01058225,-1
0.9904246,1
0.9989221,1
3.736801e-05,-1
0.19294481,1
0.000109781155,-1
0.9930294,1
0.9997328,1
9.288226e-07,-1
4.4340944e-05,-1
0.99967134,1
5.2484083e-06,-1
0.9999732,1
0.99987066,1
0.00025542057,-1
0.9951121,1
0.00018063858,-1
0.99998045,1
0.9999999,1
0.04262857,-1
0.0024416046,-1
0.9990414,1
0.0011507252,-1
0.9884172,1
0.9989563,1
3.878744e-05,-1
0.998445,1
8.66324e-06,-1
1.0188354e-05,-1
0.00052501785,-1
7.6629485e-06,-1
0.99969745,1
0.009323061,-1
0.9983569,1
0.97204167,1
0.99984014,1
0.999997,1
0.015186546,-1
0.90874916,1
1.0353494e-05,-1
3.8178292e-05,-1
0.9995969,1
0.9999782,1
0.15128721,-1
0.99985254,1
0.00038159647,-1
9.9196805e-05,-1
0.012104388,-1
0.9983559,1
7.867615e-07,-1
0.0053138556,-1
0.99987626,1
0.96528095,1
0.00015319823,-1
0.00015701605,-1
0.0010926547,-1
3.1502874e-05,-1
0.9998578,1
1.658793e-06,-1
1.879898e-05,-1
0.0030231434,-1
0.9999101,1
6.1289943e-06,-1
0.9138426,1
0.02834049,-1
0.999926,1
6.7410394e-07,-1
0.99949205,1
6.6218513e-06,-1
1.9988238e-06,-1
0.99992,1
1.26755185e-05,-1
0.0011190856,-1
0.99938595,1
0.9954204,1
0.01223157,-1
7.974839e-07,-1
0.00024910588,-1
0.00022899393,-1
0.9982547,1
0.010654154,-1
0.0013756603,-1
0.42776692,-1
0.99964476,1
0.99979883,1
0.0013874744,-1
0.9984944,1
2.0229205e-05,-1
0.00036065263,-1
0.99431616,1
0.99981016,1
0.999642,1
0.9952242,1
0.99919695,1
0.9999918,1
1.5044793e-05,-1
0.31878963,-1
1.5774604e-05,-1
0.013782706,-1
0.9918936,1
8.146238e-09,-1
0.014439625,-1
7.937862e-05,-1
0.9990615,1
0.00035355755,-1
0.99955434,1
0.00040634625,-1
0.99626005,1
0.6540077,1
0.88366985,1
0.99827754,1
0.7297153,1
0.01219635,-1
0.99510574,1
2.4334108e-06,-1
0.9999976,1
0.98837286,1
2.3683656e-06,-1
0.0015758272,-1
1.0444015e-05,-1
0.9875706,1
0.0034862275,-1
0.99804914,1
1.3685145e-06,-1
1.16066445e-07,-1
0.9994574,1
0.9997441,1
0.00012282604,-1
0.9977592,1
1.1805112e-06,-1
0.9999349,1
0.9876332,1
0.007483244,-1
8.0374167e-07,-1
0.99996305,1
0.00017736573,-1
0.99710554,1
0.0010854293,-1
0.99995923,1
0.011296459,-1
0.00027034382,-1
0.999042,1
0.9999305,1
0.9997625,1
0.998214,1
0.00028138357,-1
0.9999678,1
0.0017706226,-1
0.013795117,1
0.013600785,-1
4.862417e-05,-1
2.110647e-06,-1
0.0026766188,-1
0.012710896,-1
0.004729754,-1
6.665407e-05,-1
4.1460567e-06,-1
0.00081236585,-1
0.000475723,-1
0.654294,1
0.99271154,1
0.5392103,1
3.9621547e-05,-1
0.00014067261,-1
8.482225e-06,-1
4.8410555e-05,-1
0.0016818848,-1
0.0005089216,-1
0.00028244522,-1
0.999987,1
0.007866592,-1
0.99981064,1
0.8556425,1
1.0768674e-06,-1
0.9815248,1
0.041663047,-1
0.0008046853,-1
7.3887395e-06,-1
0.00047856887,-1
0.000254633,-1
0.9999896,1
0.9926951,1
1.5340568e-07,-1
0.013895301,-1
0.98657763,1
0.99854183,1
0.9590615,-1
0.89540404,1
2.981072e-06,-1
0.052592408,-1
0.99920195,1
0.004143724,-1
2.4972305e-05,-1
0.0016878807,-1
3.4349105e-06,-1
0.99905103,1
0.00767676,-1
0.99952555,1
5.8069406e-07,-1
0.9799461,1
0.0003390651,-1
0.0015126171,-1
3.2701362e-05,-1
2.6526376e-07,-1
0.003273457,-1
0.0012186774,-1
4.6853656e-06,-1
0.92398304,1
0.00063288986,-1
0.5956114,1
0.97416705,1
0.016878193,-1
0.025676506,-1
0.05308001,-1
0.95015246,1
0.8688774,1
0.9997646,1
0.00015318669,-1
0.998386,1
0.96933395,1
1.7718954e-05,-1
0.0003664641,-1
0.0003612763,-1
0.99633384,1
0.00034553636,-1
0.0013060644,-1
0.5850726,1
3.4969755e-05,-1
0.0024600744,-1
0.99631125,1
0.00011473714,-1
0.9981351,1
0.0009763434,-1
0.9999573,1
0.9735725,1
0.9996532,1
0.013082969,-1
5.884099e-06,-1
0.20324203,1
2.416535e-05,-1
5.197377e-05,-1
0.98671085,1
0.98539597,1
0.99806565,1
0.034693785,1
0.00040268444,-1
0.9999752,1
8.875685e-05,-1
1.2353468e-05,-1
0.0026010543,-1
0.99999297,1
0.9977258,1
4.0528506e-05,-1
0.99981195,1
5.9344684e-06,-1
0.99999034,1
0.0001714981,-1
0.0042111506,-1
0.9999676,1
0.61830723,1
0.997626,1
0.59253514,1
0.9979511,1
0.0013119852,-1
0.999169,1
0.9997913,1
0.99977595,1
0.99999964,1
0.0026537334,-1
0.99746096,1
0.00017951275,-1
0.000110050845,-1
0.9884801,1
0.9988355,1
2.4304805e-05,-1
6.952854e-06,-1
0.99997103,1
0.9999232,1
0.9935282,1
0.004980471,-1
0.00047236026,-1
0.14034128,-1
0.001284455,-1
0.99978095,1
0.99997866,1
0.9997024,1
0.9998869,1
0.00088717235,-1
0.99990344,1
0.016922107,-1
0.9999777,1
0.999998,1
0.9997645,1
9.854036e-07,-1
0.9391292,1
0.9964694,1
0.0003878047,-1
4.168243e-05,-1
0.7645775,1
1.4018846e-06,-1
2.9874982e-06,-1
1.6878888e-06,-1
1.0300648e-05,-1
0.08960505,-1
8.72551e-05,-1
0.0003865335,-1
0.0001479984,-1
0.9860519,1
0.9911895,1
6.3993815e-05,-1
0.0084149195,1
0.9991209,1
0.00035784493,-1
0.0003252299,-1
0.00017823206,-1
0.99509937,1
0.97103196,1
0.9992586,1
3.589137e-05,-1
0.0071748574,1
0.003189662,-1
0.9998085,1
0.97974646,1
0.0010676063,-1
0.95968175,1
3.2901717e-05,-1
0.99828184,1
0.9891201,1
1.1244273e-05,-1
0.9696726,1
0.9663788,1
0.00010499615,-1
0.9950127,1
0.781125,1
2.8541912e-05,-1
0.9973341,1
0.35870203,-1
0.96417046,1
0.9995647,1
0.0001996975,-1
0.99929583,1
2.8874647e-06,-1
0.00046122342,-1
0.001728746,-1
0.9794343,1
0.9867394,1
0.0002159939,-1
0.9050622,1
0.99995744,1
9.315725e-06,-1
0.00034489002,-1
0.9839865,1
0.0020917293,-1
0.01515026,-1
0.0003850205,-1
0.9077833,1
0.001034043,-1
0.98498696,1
0.976562,1
0.9995516,1
0.99987566,1
0.9995285,1
6.987719e-06,-1
0.9999796,1
0.99959975,1
0.99972063,1
0.99566084,1
4.6781106e-06,-1
0.03101628,-1
8.432011e-06,-1
2.793513e-07,-1
0.9995641,1
0.00012873678,-1
0.005736308,-1
0.0029248912,-1
0.9999907,1
0.0001166988,-1
0.99982613,1
4.508792e-05,-1
0.999696,1
4.621404e-07,-1
0.9975649,1
0.00066246535,-1
0.99436706,1
0.00019193998,-1
0.97585994,1
0.010972723,1
0.9999944,1
0.0022484343,-1
2.861248e-06,-1
0.6696833,1
0.9939267,1
0.0005762626,-1
0.85407895,1
0.35329407,1
0.00111611,-1
0.00013180963,-1
0.00011089739,-1
0.028348481,-1
0.99825543,1
0.9989661,1
0.9962452,1
0.9996747,1
0.0015957179,-1
0.00428463,-1
0.78117174,1
0.00012555032,-1
1.546637e-05,-1
0.18815391,-1
0.94139194,1
0.9715504,1
0.011509072,-1
0.00041226228,-1
0.9995969,1
0.9977336,1
0.00012471697,-1
4.0318014e-06,-1
0.96579516,1
1.4795404e-06,-1
0.9700598,1
4.6421924e-06,-1
0.98316896,1
1.1975247e-05,-1
0.001198847,-1
7.032471e-05,-1
0.0010437792,-1
0.9952428,1
6.9449416e-05,-1
0.9877815,1
0.00018743624,-1
0.00012152531,-1
0.00045358937,-1
0.999848,1
0.0013196548,-1
0.00056165346,-1
4.116566e-05,-1
0.00020169553,-1
0.00058281055,-1
0.0004174952,-1
0.0011930664,-1
0.0003086834,-1
0.0002614031,-1
0.00020517314,-1
0.000117921336,-1
0.9986527,1
6.2911445e-06,-1
0.00015411762,-1
0.0005197035,-1
2.2502533e-07,-1
0.7708185,1
5.69984e-07,-1
0.5014955,1
0.9999279,1
1.0124235e-05,-1
0.995977,1
0.8636329,1
0.9989484,1
0.38166893,1
0.00021556842,-1
0.99991333,1
0.9999957,1
0.00023352119,-1
0.0006212877,-1
0.0020767339,-1
0.009982788,-1
0.99999213,1
0.9999503,1
0.022973742,-1
0.015284795,-1
5.945319e-05,-1
0.99903,1
4.1827693e-06,-1
0.99995434,1
0.99976283,1
0.9994814,1
6.6225207e-06,-1
0.59315175,1
0.0078092655,-1
0.00060889043,-1
0.9989975,1
6.859744e-07,-1
0.97538936,1
0.0014471546,-1
0.9998696,1
6.0284624e-06,-1
3.1335185e-07,-1
0.99325633,1
0.0008965087,1
9.279158e-06,1
0.99954057,1
8.200553e-06,-1
0.008148268,-1
0.9981634,1
0.9996792,1
8.3602485e-05,-1
0.99967146,1
0.99969053,1
0.9999982,1
0.99971503,1
0.99545515,1
3.5556423e-05,1
0.00020132758,1
0.9607098,1
9.564112e-07,-1
0.00025029294,-1
0.99033946,1
0.99766123,1
0.99949765,1
0.9999728,1
0.9976018,1
0.9989422,1
0.00024699187,-1
0.99975246,1
0.0002267271,-1
0.45014635,1
0.9998292,1
0.99998677,1
0.004318861,-1
5.9438506e-05,-1
0.97842765,1
0.00018111407,-1
0.99811566,1
0.34623718,-1
1.4724764e-05,-1
8.984162e-05,-1
0.0003610133,-1
0.00013360791,-1
5.473748e-05,-1
0.00050254166,-1
0.00022799961,-1
0.99431205,1
0.99605405,1
6.5208916e-08,-1
0.99984324,1
0.9773158,1
0.00030017874,-1
0.00048785761,-1
0.9836389,1
0.99933416,1
0.095016316,-1
4.4756474e-05,-1
0.0824153,-1
0.00017554862,-1
0.0067121265,-1
0.00019384187,-1
1.5567988e-05,-1
0.99995375,1
0.9997613,1
7.0701004e-05,-1
0.012569753,-1
0.995295,1
2.954227e-05,-1
0.9998246,1
0.99733645,1
1.1062846e-06,-1
0.00033310632,-1
0.9998816,1
0.100993425,-1
0.99300164,1
0.99998224,1
0.9999286,1
6.9637164e-05,-1
0.9998784,1
2.7060474e-05,-1
0.002616598,-1
0.9993742,1
0.99995196,1
0.00028019122,-1
0.9991043,1
0.9992384,1
0.42414612,1
0.89249533,1
1.442356e-05,-1
0.00057723647,-1
0.99999595,1
3.2143926e-05,-1
1.4731413e-06,-1
0.8179735,1
0.0011163619,-1
0.8643993,1
0.99947673,1
0.9706572,1
0.9999784,1
0.52606696,1
9.356218e-06,-1
0.00029780026,-1
0.9983816,1
